pepper 0.7724 223 213 267 272
pepper 0.7724 300 204 342 271
pepper 0.7724 202 276 256 380
pepper 0.7724 309 328 357 386
pepper 0.7647 379 208 428 273
pepper 0.7318 403 320 466 376
pepper 0.6962 34 217 84 286
pepper 0.6774 9 287 71 344
pepper 0.5864 2 290 53 352
pepper 0.4457 20 218 92 330
pepper 0.3518 203 217 257 279
pepper 0.2946 377 312 481 380
pepper 0.2856 4 258 78 352
pepper 0.2514 1 305 49 368
pepper 0.2433 266 214 315 267
pepper 0.2433 316 324 368 377
pepper 0.2353 385 226 438 289
pepper 0.2276 219 224 268 291
pepper 0.22 384 264 467 381
pepper 0.2126 21 259 78 329
pepper 0.2054 43 229 96 294
pepper 0.1983 1 265 46 332
pepper 0.1783 1 235 44 300
pepper 0.1783 297 223 344 286
pepper 0.1659 373 215 446 327
pepper 0.1599 1 234 64 357
pepper 0.1542 300 306 361 397
pepper 0.1542 200 322 252 393
pepper 0.1486 225 197 275 262
pepper 0.1486 208 307 263 369
pepper 0.1431 366 320 418 369
pepper 0.1379 368 200 423 262
pepper 0.1379 206 221 276 327
pepper 0.1278 399 307 484 405
pepper 0.123 370 201 433 286
pepper 0.123 202 241 270 377
pepper 0.1184 203 230 252 301
pepper 0.1184 203 261 250 342
pepper 0.1184 374 224 459 369
pepper 0.1096 16 173 95 313
pepper 0.1096 1 215 41 276
pepper 0.1054 195 208 272 302
pepper 0.1054 324 208 367 263
pepper 0.0937 1 275 59 397
pepper 0.0937 216 331 270 384
pepper 0.09 218 188 291 282
pepper 0.09 210 212 308 280
pepper 0.09 321 310 458 380
pepper 0.0865 287 193 350 285
pepper 0.0799 54 289 105 337
pepper 0.0789 1 3 217 466
pepper 0.0767 392 292 454 355
pepper 0.0737 1 311 54 480
pepper 0.0718 191 60 454 438
pepper 0.068 28 13 615 468
pepper 0.0652 1 2 94 368
pepper 0.0652 1 275 96 480
pepper 0.0652 4 288 82 429
pepper 0.0652 364 333 412 382
pepper 0.0601 237 207 348 277
pepper 0.0598 1 1 164 391
pepper 0.0579 7 1 302 438
pepper 0.0577 1 188 62 315
pepper 0.0577 1 335 44 401
pepper 0.0577 298 359 351 410
pepper 0.0572 223 108 419 398
pepper 0.0565 3 49 310 480
pepper 0.0565 319 35 640 480
pepper 0.0556 287 1 640 262
pepper 0.0556 381 22 640 451
pepper 0.0547 376 10 640 316
pepper 0.0531 2 224 119 305
pepper 0.051 28 189 81 257
pepper 0.0489 347 203 445 274
pepper 0.0489 218 262 265 331
pepper 0.0478 220 188 429 480
pepper 0.0473 562 141 640 480
pepper 0.0469 245 177 337 280
pepper 0.0469 390 258 444 318
pepper 0.0469 418 293 476 357
pepper 0.0469 202 292 277 403
pepper 0.045 49 258 101 322
pepper 0.045 296 292 349 350
pepper 0.0431 1 276 91 355
pepper 0.0417 1 177 164 480
pepper 0.0397 55 311 109 362
pepper 0.0397 283 318 398 385
pepper 0.0381 1 1 163 286
pepper 0.0381 478 30 640 442
pepper 0.0381 1 188 42 252
pepper 0.0381 160 215 212 268
pepper 0.0381 1 275 134 348
pepper 0.0365 1 1 57 124
pepper 0.0365 195 361 247 415
pepper 0.0364 452 1 640 224
pepper 0.0364 466 165 640 480
pepper 0.035 288 264 358 386
pepper 0.0347 92 183 295 480
pepper 0.0343 296 1 640 390
pepper 0.0335 405 235 485 375
