pepper 0.7724 715 397 929 698
pepper 0.7724 461 442 662 774
pepper 0.1783 846 8 1009 254
pepper 0.1288 436 487 664 872
pepper 0.0937 894 43 1031 276
pepper 0.0894 1 1 138 727
pepper 0.084 374 74 865 821
pepper 0.0767 922 151 1022 262
pepper 0.0741 839 1 1170 270
pepper 0.0741 1 265 140 900
pepper 0.0737 916 105 1017 231
pepper 0.0626 496 549 679 806
pepper 0.0612 819 1 1173 304
pepper 0.0612 494 408 742 771
pepper 0.0577 871 1 1062 251
pepper 0.0547 762 1 1200 294
pepper 0.0538 665 431 897 786
pepper 0.0521 475 1 1200 365
pepper 0.0521 1 44 460 851
pepper 0.0511 536 1 1200 736
pepper 0.051 874 105 980 233
pepper 0.051 879 149 980 261
pepper 0.0504 1 549 188 900
pepper 0.0501 80 19 1150 874
pepper 0.0499 2 81 584 900
pepper 0.0489 777 411 961 681
pepper 0.0473 1 1 186 383
pepper 0.0469 446 535 633 796
pepper 0.0443 1 1 167 500
pepper 0.0443 1 459 166 900
pepper 0.0431 859 80 996 290
pepper 0.0415 589 1 996 211
pepper 0.0414 1 218 99 541
pepper 0.0414 423 458 615 761
pepper 0.0409 17 1 580 826
pepper 0.0397 1 308 97 633
pepper 0.0397 1 502 98 816
pepper 0.0389 723 7 1103 288
pepper 0.0389 511 550 808 900
pepper 0.0381 430 150 756 788
pepper 0.0381 1098 31 1200 324
pepper 0.0381 1 409 96 724
pepper 0.0381 1098 508 1200 795
pepper 0.037 615 73 1193 900
pepper 0.0364 735 55 1200 836
pepper 0.0364 743 1 1062 258
pepper 0.0364 1058 214 1200 799
pepper 0.0364 1 1 298 510
pepper 0.0364 417 382 763 859
pepper 0.0341 1 1 323 526
pepper 0.0335 673 411 848 688
pepper 0.0335 1 643 103 900
pepper 0.0332 561 1 1128 289
pepper 0.0332 654 375 1023 852
pepper 0.0322 1 126 100 441
pepper 0.0322 1101 136 1200 416
pepper 0.0303 1 1 276 718
pepper 0.0295 1 26 98 347
pepper 0.0295 1099 411 1200 701
pepper 0.0281 1 124 1200 774
pepper 0.0279 893 1 1153 412
pepper 0.0276 854 1 1200 559
pepper 0.0276 1 276 307 900
pepper 0.0271 769 1 949 213
pepper 0.0271 1097 273 1200 554
pepper 0.027 706 1 1200 503
pepper 0.0263 859 1 1200 375
pepper 0.0262 171 1 1053 474
pepper 0.0261 1014 1 1200 333
pepper 0.026 1 1 112 248
pepper 0.026 1098 601 1200 899
pepper 0.0252 156 131 578 771
pepper 0.024 114 386 625 851
pepper 0.0239 944 1 1131 274
pepper 0.0239 760 501 930 751
pepper 0.0229 370 1 1200 233
pepper 0.0229 870 126 1200 759
pepper 0.0229 877 313 1200 900
pepper 0.0229 1 1 288 291
pepper 0.0229 929 1 1200 298
pepper 0.0229 1 616 274 900
pepper 0.0221 85 1 1157 365
pepper 0.0219 868 61 981 193
pepper 0.0219 925 204 1026 300
pepper 0.0219 808 353 975 601
pepper 0.021 801 480 988 741
pepper 0.0209 674 170 991 773
pepper 0.0201 700 2 1015 151
pepper 0.0201 711 520 877 759
pepper 0.02 626 547 940 900
pepper 0.0193 1116 299 1200 415
pepper 0.0193 510 371 669 626
pepper 0.0193 643 484 816 749
pepper 0.0193 403 586 563 824
pepper 0.019 304 1 933 667
pepper 0.0187 1039 1 1200 485
pepper 0.0187 746 381 973 750
pepper 0.0185 1086 1 1200 227
pepper 0.0185 791 42 1054 211
pepper 0.0185 770 316 928 589
