pepper 0.7724 239 218 281 266
pepper 0.7724 343 206 383 261
pepper 0.7724 366 208 409 260
pepper 0.7724 179 260 215 307
pepper 0.7724 237 258 275 303
pepper 0.7724 330 260 368 305
pepper 0.7232 397 258 431 307
pepper 0.7144 191 220 234 265
pepper 0.4242 174 239 214 293
pepper 0.3926 188 260 236 303
pepper 0.372 331 243 371 293
pepper 0.3419 256 215 298 264
pepper 0.3419 307 212 343 262
pepper 0.3419 234 238 278 291
pepper 0.3322 254 263 295 307
pepper 0.3131 394 241 434 298
pepper 0.3038 187 240 235 288
pepper 0.2856 171 219 214 270
pepper 0.2433 366 260 410 303
pepper 0.2353 395 213 442 263
pepper 0.2353 309 264 345 310
pepper 0.1139 164 214 280 283
pepper 0.1096 365 241 411 292
pepper 0.1054 350 202 419 279
pepper 0.0894 515 3 640 266
pepper 0.0867 385 25 640 439
pepper 0.084 1 289 102 480
pepper 0.0831 327 179 398 276
pepper 0.0799 583 140 640 282
pepper 0.0789 549 7 640 315
pepper 0.0767 253 239 297 290
pepper 0.0741 1 22 246 451
pepper 0.0679 304 245 345 296
pepper 0.0652 218 209 285 291
pepper 0.0652 595 208 640 268
pepper 0.0577 325 285 377 331
pepper 0.0553 69 1 230 53
pepper 0.0538 1 303 183 480
pepper 0.0521 177 47 469 442
pepper 0.051 126 214 175 266
pepper 0.0499 1 43 309 480
pepper 0.0489 176 205 253 289
pepper 0.0489 165 223 226 313
pepper 0.0473 466 26 634 300
pepper 0.0469 230 196 282 257
pepper 0.0469 594 182 640 248
pepper 0.0469 201 214 299 278
pepper 0.0469 163 233 278 297
pepper 0.0469 165 288 213 335
pepper 0.045 121 1 183 40
pepper 0.045 541 135 637 274
pepper 0.0443 1 1 118 143
pepper 0.0443 517 1 640 139
pepper 0.0443 554 101 640 400
pepper 0.0431 582 88 640 245
pepper 0.0414 496 208 550 263
pepper 0.0414 127 244 177 291
pepper 0.0414 128 266 177 311
pepper 0.0399 327 29 640 480
pepper 0.0389 9 1 303 440
pepper 0.0381 1 1 60 125
pepper 0.0381 230 283 280 330
pepper 0.0365 193 197 244 254
pepper 0.0365 564 207 620 263
pepper 0.0364 1 189 95 480
pepper 0.0364 518 325 640 480
pepper 0.0352 303 1 640 394
pepper 0.035 96 6 266 80
pepper 0.035 352 214 425 303
pepper 0.0347 464 1 640 210
pepper 0.0341 1 84 80 450
pepper 0.0341 1 320 145 480
pepper 0.0335 189 287 244 332
pepper 0.0322 299 195 346 253
pepper 0.0322 428 212 479 263
pepper 0.0322 322 218 389 306
pepper 0.0322 377 226 439 315
pepper 0.0322 395 286 440 335
pepper 0.0319 124 292 312 480
pepper 0.0314 26 11 615 461
pepper 0.0308 227 252 285 329
pepper 0.0303 458 141 640 480
pepper 0.0298 420 1 640 265
pepper 0.0295 540 84 638 248
pepper 0.0295 547 170 631 296
pepper 0.0289 1 143 171 480
pepper 0.0283 594 159 640 226
pepper 0.0279 1 1 90 354
pepper 0.0279 196 290 379 480
pepper 0.0276 1 1 410 131
pepper 0.0271 153 1 215 39
pepper 0.0271 91 265 142 313
pepper 0.0271 167 246 225 332
pepper 0.0261 27 321 283 480
pepper 0.0261 93 325 349 480
pepper 0.026 579 1 640 113
pepper 0.026 487 150 570 281
pepper 0.026 1 341 58 480
pepper 0.0252 134 1 507 178
pepper 0.0252 455 57 640 396
