pepper 0.916 159 88 308 364
pepper 0.9072 358 159 535 427
pepper 0.1599 174 100 281 283
pepper 0.1542 374 246 481 422
pepper 0.1101 160 98 422 383
pepper 0.1054 420 157 525 293
pepper 0.1044 211 49 467 440
pepper 0.0982 377 60 624 445
pepper 0.0889 112 99 289 435
pepper 0.0815 1 18 254 433
pepper 0.0789 570 7 640 331
pepper 0.0707 420 237 539 418
pepper 0.0707 376 322 473 457
pepper 0.0654 1 1 222 338
pepper 0.0626 1 141 50 310
pepper 0.0625 342 18 549 394
pepper 0.0601 584 10 640 177
pepper 0.0601 1 347 52 480
pepper 0.0577 1 66 49 234
pepper 0.0577 352 260 452 420
pepper 0.0553 584 62 640 219
pepper 0.0553 1 193 49 357
pepper 0.0553 161 168 282 362
pepper 0.0538 1 2 68 363
pepper 0.0531 367 158 524 249
pepper 0.0531 371 165 487 321
pepper 0.0531 590 173 640 323
pepper 0.051 581 1 640 124
pepper 0.051 1 242 49 406
pepper 0.0499 336 36 631 480
pepper 0.0489 1 12 51 186
pepper 0.0487 334 1 629 435
pepper 0.0473 544 1 640 181
pepper 0.0473 291 184 495 412
pepper 0.0469 406 326 492 459
pepper 0.045 1 293 51 464
pepper 0.0443 557 1 640 242
pepper 0.0436 1 65 177 412
pepper 0.0431 588 118 640 270
pepper 0.043 7 38 313 480
pepper 0.0415 277 302 433 480
pepper 0.0399 16 1 306 436
pepper 0.0397 189 95 296 241
pepper 0.0389 402 258 558 465
pepper 0.0381 149 1 476 324
pepper 0.0381 458 260 557 413
pepper 0.0365 138 281 228 422
pepper 0.0364 157 195 294 422
pepper 0.0352 85 1 554 279
pepper 0.035 1 411 45 477
pepper 0.0341 211 303 377 480
pepper 0.0335 140 213 247 362
pepper 0.0322 176 87 272 206
pepper 0.0322 587 224 640 370
pepper 0.0322 596 387 640 448
pepper 0.0319 1 312 88 480
pepper 0.0308 160 234 274 384
pepper 0.0298 1 1 95 188
pepper 0.0295 1 260 41 329
pepper 0.0295 587 329 640 470
pepper 0.0289 1 1 343 272
pepper 0.0289 1 1 180 284
pepper 0.0283 1 285 40 354
pepper 0.0283 594 415 640 473
pepper 0.028 179 1 462 358
pepper 0.0279 532 1 640 204
pepper 0.0271 469 132 557 260
pepper 0.0271 349 178 450 326
pepper 0.0271 1 235 40 305
pepper 0.0271 587 272 640 424
pepper 0.0271 1 388 42 457
pepper 0.0271 339 337 435 464
pepper 0.0271 1 440 47 480
pepper 0.0271 1 391 62 480
pepper 0.0261 352 257 505 461
pepper 0.0261 557 271 640 480
pepper 0.026 1 1 59 129
pepper 0.026 1 159 40 230
pepper 0.026 1 210 41 280
pepper 0.026 598 208 640 277
pepper 0.026 426 179 527 370
pepper 0.026 307 369 468 450
pepper 0.026 482 344 562 477
pepper 0.026 584 382 640 480
pepper 0.0249 578 1 640 89
pepper 0.0249 1 134 40 204
pepper 0.0249 378 132 473 249
pepper 0.0249 597 235 640 300
pepper 0.0249 174 281 263 417
pepper 0.0245 1 1 87 253
pepper 0.024 1 165 168 480
pepper 0.0239 438 116 530 246
pepper 0.0239 513 325 587 454
pepper 0.0239 597 363 640 426
pepper 0.0239 526 440 589 480
pepper 0.0229 448 1 640 216
pepper 0.0229 474 1 640 343
pepper 0.0229 1 108 40 179
pepper 0.0229 1 184 40 255
pepper 0.0229 597 261 640 325
