pepper 0.9106 500 194 733 632
pepper 0.1075 1 71 144 801
pepper 0.0894 1 239 150 900
pepper 0.0867 370 73 845 786
pepper 0.0789 1 40 435 847
pepper 0.0707 1 171 99 489
pepper 0.0683 42 1 658 568
pepper 0.0638 8 74 577 900
pepper 0.0612 1067 251 1200 900
pepper 0.0547 430 193 771 875
pepper 0.0538 979 1 1200 269
pepper 0.0538 1061 1 1200 705
pepper 0.0523 431 90 780 634
pepper 0.051 1 250 102 586
pepper 0.0505 757 46 1200 845
pepper 0.0504 1 1 153 600
pepper 0.045 1 20 101 361
pepper 0.0431 1 590 99 900
pepper 0.0417 496 1 1183 430
pepper 0.0417 525 1 1127 598
pepper 0.0417 528 198 1094 732
pepper 0.0417 1 248 290 900
pepper 0.0415 1 1 183 381
pepper 0.0399 17 1 571 829
pepper 0.0397 1095 217 1200 530
pepper 0.0397 1096 587 1200 900
pepper 0.0389 1 545 177 900
pepper 0.0381 560 188 746 443
pepper 0.0381 1094 304 1200 629
pepper 0.0381 1 500 100 823
pepper 0.0365 1 351 99 679
pepper 0.0364 921 239 1200 900
pepper 0.035 1 695 108 900
pepper 0.0341 285 1 893 579
pepper 0.0341 1030 1 1200 469
pepper 0.0336 47 19 1114 872
pepper 0.0332 120 205 622 684
pepper 0.0322 469 279 670 627
pepper 0.0322 1093 392 1200 719
pepper 0.0308 1094 128 1200 428
pepper 0.0308 1093 486 1200 818
pepper 0.0308 1 777 84 890
pepper 0.0302 613 60 1190 900
pepper 0.0295 498 367 704 660
pepper 0.0289 533 1 1200 492
pepper 0.0283 1 1 111 238
pepper 0.028 621 1 1190 826
pepper 0.0279 3 211 304 750
pepper 0.0276 31 1 707 391
pepper 0.0271 1 253 79 385
pepper 0.0271 1 301 78 431
pepper 0.027 1 1 659 492
pepper 0.0261 1053 445 1200 900
pepper 0.026 580 125 743 377
pepper 0.0252 864 1 1200 410
pepper 0.0245 1 127 183 705
pepper 0.024 740 20 1200 581
pepper 0.0229 8 45 169 411
pepper 0.0229 1 398 193 900
pepper 0.0219 1094 23 1200 334
pepper 0.0219 1 205 78 338
pepper 0.0219 2 155 166 498
pepper 0.0219 475 197 656 481
pepper 0.0219 1092 696 1200 900
pepper 0.0219 650 218 1029 900
pepper 0.0214 685 1 1200 571
pepper 0.0214 744 342 1066 835
pepper 0.021 1 827 88 900
pepper 0.0209 1 1 327 656
pepper 0.0201 1 729 79 851
pepper 0.02 4 51 295 586
pepper 0.02 1 130 1200 765
pepper 0.0199 164 104 567 790
pepper 0.0199 153 317 568 900
pepper 0.0193 554 405 749 673
pepper 0.0185 1 348 79 477
pepper 0.0182 1 1 336 422
pepper 0.0182 896 1 1200 677
pepper 0.0177 1086 1 1200 226
pepper 0.0177 576 489 753 731
pepper 0.0175 1 1 196 516
pepper 0.0173 602 1 1067 520
pepper 0.0164 435 1 1200 377
pepper 0.0164 1017 63 1200 608
pepper 0.0163 457 397 642 672
pepper 0.0163 6 570 167 900
pepper 0.0159 266 1 933 900
pepper 0.0158 518 295 1154 900
pepper 0.0156 1 158 78 288
pepper 0.0156 1116 778 1200 889
pepper 0.0156 1052 827 1167 900
pepper 0.0153 1 1 762 378
pepper 0.0153 1 1 289 291
pepper 0.0153 856 1 1176 280
pepper 0.0153 528 184 885 645
pepper 0.0153 1025 322 1200 875
pepper 0.0149 1 396 78 522
pepper 0.0149 1 680 78 806
pepper 0.0148 1 1 467 644
pepper 0.0144 912 432 1200 900
