pepper 0.212 260 235 426 459
pepper 0.1909 325 240 490 473
pepper 0.1714 360 299 462 417
pepper 0.1623 289 298 399 422
pepper 0.1623 1007 248 1192 495
pepper 0.1536 529 376 809 523
pepper 0.1536 585 333 746 557
pepper 0.1452 334 200 500 419
pepper 0.1452 215 223 375 479
pepper 0.1452 208 271 491 431
pepper 0.1452 383 232 547 454
pepper 0.1452 608 397 716 507
pepper 0.1373 417 299 529 413
pepper 0.1373 358 345 461 465
pepper 0.1373 703 354 872 574
pepper 0.1297 295 343 398 461
pepper 0.1297 742 394 842 518
pepper 0.1225 362 253 463 369
pepper 0.1156 273 230 560 381
pepper 0.1156 389 162 554 398
pepper 0.1156 209 318 487 461
pepper 0.1156 674 348 779 468
pepper 0.1156 761 345 906 575
pepper 0.109 488 390 586 515
pepper 0.109 529 334 683 543
pepper 0.1037 868 43 1194 593
pepper 0.1028 258 101 412 384
pepper 0.1028 425 247 529 371
pepper 0.1028 319 282 604 427
pepper 0.1028 609 302 711 421
pepper 0.1028 459 336 612 563
pepper 0.1028 796 390 897 518
pepper 0.0969 648 261 801 499
pepper 0.0969 612 348 711 471
pepper 0.0969 800 349 900 465
pepper 0.0969 556 392 652 516
pepper 0.0969 742 432 838 565
pepper 0.0935 901 145 1193 900
pepper 0.0913 712 15 887 251
pepper 0.0913 219 127 364 435
pepper 0.0913 234 293 330 426
pepper 0.0913 740 307 841 420
pepper 0.0913 771 299 923 526
pepper 0.0913 657 355 813 587
pepper 0.0882 708 121 1169 597
pepper 0.086 650 40 953 206
pepper 0.086 290 241 391 381
pepper 0.086 674 304 773 424
pepper 0.086 716 259 865 495
pepper 0.086 239 346 336 462
pepper 0.086 586 335 860 475
pepper 0.086 741 349 839 475
pepper 0.086 1054 335 1157 473
pepper 0.086 1056 282 1200 551
pepper 0.086 403 383 675 526
pepper 0.086 862 394 961 513
pepper 0.0835 163 24 464 491
pepper 0.0835 489 58 805 579
pepper 0.081 926 16 1030 130
pepper 0.081 893 1 1058 196
pepper 0.081 836 83 1005 344
pepper 0.081 581 258 739 492
pepper 0.081 948 298 1200 477
pepper 0.081 679 385 775 515
pepper 0.081 647 380 915 532
pepper 0.081 393 352 548 597
pepper 0.081 551 437 651 563
pepper 0.081 39 776 144 889
pepper 0.0809 123 1 1098 418
pepper 0.0774 761 1 1200 663
pepper 0.0767 498 6 1116 645
pepper 0.0762 835 2 1127 151
pepper 0.0762 649 1 832 270
pepper 0.0762 738 64 848 181
pepper 0.0762 1016 156 1187 453
pepper 0.0762 514 290 791 435
pepper 0.0762 922 222 1070 509
pepper 0.0762 336 354 493 593
pepper 0.0762 427 434 523 560
pepper 0.0762 612 436 708 560
pepper 0.0722 195 24 1058 831
pepper 0.0717 325 127 486 385
pepper 0.0717 435 143 596 426
pepper 0.0717 420 337 516 477
pepper 0.0717 485 344 584 467
pepper 0.0717 834 330 976 569
pepper 0.0717 491 439 585 557
pepper 0.0717 679 440 775 566
pepper 0.0717 652 413 913 574
pepper 0.0717 797 437 897 565
pepper 0.0708 371 1 866 676
pepper 0.0707 772 74 1069 563
pepper 0.0675 860 64 964 179
pepper 0.0675 825 22 996 251
pepper 0.0675 291 196 389 338
pepper 0.0675 365 205 458 330
pepper 0.0675 429 196 523 336
pepper 0.0675 235 252 330 378
pepper 0.0675 483 242 582 374
pepper 0.0675 547 298 646 417
