pepper 0.341 582 331 811 706
pepper 0.181 631 482 806 769
pepper 0.1623 129 259 297 574
pepper 0.1536 145 335 325 610
pepper 0.1373 388 160 556 439
pepper 0.1156 594 300 769 583
pepper 0.0969 642 29 811 284
pepper 0.0969 424 252 527 369
pepper 0.0969 85 610 244 853
pepper 0.0913 420 198 518 322
pepper 0.0913 176 434 272 559
pepper 0.0913 584 558 857 708
pepper 0.0913 110 686 215 788
pepper 0.086 1054 54 1149 182
pepper 0.086 71 321 337 494
pepper 0.086 174 387 271 516
pepper 0.086 676 575 776 702
pepper 0.086 137 565 289 800
pepper 0.086 675 627 778 747
pepper 0.081 1020 1 1175 252
pepper 0.081 827 51 977 305
pepper 0.081 803 152 899 277
pepper 0.081 357 123 516 395
pepper 0.081 349 173 621 334
pepper 0.081 607 432 771 738
pepper 0.0809 130 509 1085 900
pepper 0.0774 1 1 434 673
pepper 0.0774 196 387 999 900
pepper 0.0762 16 1 161 276
pepper 0.0762 592 49 870 212
pepper 0.0762 323 89 610 244
pepper 0.0762 594 49 752 311
pepper 0.0762 485 156 589 268
pepper 0.0762 776 95 919 327
pepper 0.0762 343 223 614 382
pepper 0.0762 167 338 267 476
pepper 0.0762 78 364 365 526
pepper 0.0762 84 408 383 567
pepper 0.0748 559 441 803 900
pepper 0.074 363 162 834 900
pepper 0.0717 371 23 537 288
pepper 0.0717 676 61 774 185
pepper 0.0717 338 64 490 313
pepper 0.0717 416 107 520 227
pepper 0.0717 683 158 776 271
pepper 0.0717 671 355 839 596
pepper 0.0717 669 509 843 775
pepper 0.0675 170 58 265 188
pepper 0.0675 144 14 301 268
pepper 0.0675 741 110 836 229
pepper 0.0675 166 634 270 741
pepper 0.0669 136 351 433 880
pepper 0.0648 755 1 1200 663
pepper 0.0635 65 12 222 261
pepper 0.0635 418 62 520 190
pepper 0.0635 740 67 835 179
pepper 0.0635 363 106 457 224
pepper 0.0635 554 110 654 231
pepper 0.0635 622 111 714 228
pepper 0.0635 861 112 963 228
pepper 0.0635 428 300 524 409
pepper 0.0635 569 599 844 745
pepper 0.0635 28 667 313 801
pepper 0.0632 6 33 198 613
pepper 0.0627 541 299 1035 843
pepper 0.062 1 203 444 900
pepper 0.062 735 330 1200 900
pepper 0.0598 127 251 387 721
pepper 0.0598 55 255 350 792
pepper 0.0597 483 69 587 176
pepper 0.0597 1 112 86 236
pepper 0.0597 679 107 774 226
pepper 0.0597 708 75 861 317
pepper 0.0597 800 108 900 234
pepper 0.0597 932 113 1029 221
pepper 0.0597 370 161 458 275
pepper 0.0597 384 135 673 286
pepper 0.0597 433 107 603 329
pepper 0.0597 865 155 963 272
pepper 0.0597 368 204 465 318
pepper 0.0597 435 152 607 397
pepper 0.0597 374 254 466 365
pepper 0.0597 559 378 831 550
pepper 0.0597 842 397 988 619
pepper 0.0597 667 406 843 696
pepper 0.0597 130 424 309 709
pepper 0.0596 589 1 1200 233
pepper 0.0596 1 519 464 900
pepper 0.0593 362 572 1200 900
pepper 0.0581 1 200 1200 706
pepper 0.0567 1 568 827 900
pepper 0.0566 394 1 1200 235
pepper 0.0566 84 514 642 900
pepper 0.0565 39 74 325 624
pepper 0.0565 256 363 520 816
pepper 0.0565 61 451 307 900
pepper 0.0563 168 34 1018 859
pepper 0.0561 105 60 198 184
pepper 0.0561 554 71 656 184
pepper 0.0561 903 42 1055 279
