pepper 0.916 414 246 747 723
pepper 0.1012 375 124 770 799
pepper 0.0928 156 169 677 730
pepper 0.0928 900 58 1200 900
pepper 0.0789 1 1 155 569
pepper 0.0707 1 1 103 286
pepper 0.0695 1 78 133 790
pepper 0.0695 1 264 138 900
pepper 0.0695 979 584 1200 900
pepper 0.0679 436 379 660 716
pepper 0.0653 1 36 454 831
pepper 0.0652 1053 1 1200 700
pepper 0.0652 1021 438 1200 900
pepper 0.0625 868 452 1200 900
pepper 0.0612 1042 242 1200 900
pepper 0.0612 1 549 172 900
pepper 0.0601 1 66 83 193
pepper 0.0598 514 187 1093 764
pepper 0.0538 882 361 1196 900
pepper 0.0537 611 50 1192 900
pepper 0.0531 498 404 708 732
pepper 0.051 530 269 738 543
pepper 0.051 416 327 593 662
pepper 0.05 45 1 678 592
pepper 0.0489 1 67 96 392
pepper 0.0489 538 297 745 683
pepper 0.0478 488 1 1153 606
pepper 0.0469 1 17 86 144
pepper 0.0469 1 110 79 238
pepper 0.0469 1 168 95 485
pepper 0.0469 1 645 103 900
pepper 0.0463 8 70 580 900
pepper 0.045 1 1 84 90
pepper 0.045 436 280 661 622
pepper 0.045 1 445 101 772
pepper 0.0443 1 1 659 477
pepper 0.0431 1 309 98 634
pepper 0.0419 614 1 1192 822
pepper 0.0415 1 1 175 374
pepper 0.0414 1 1 112 179
pepper 0.0398 29 1 724 394
pepper 0.0398 859 1 1200 676
pepper 0.0381 5 1 176 280
pepper 0.0379 1 1 639 749
pepper 0.0364 786 291 1200 900
pepper 0.035 1 159 78 286
pepper 0.035 413 243 579 531
pepper 0.035 1 543 99 861
pepper 0.0347 1 1 365 406
pepper 0.0322 1092 18 1200 333
pepper 0.0319 800 497 1200 900
pepper 0.0317 1 299 299 900
pepper 0.0317 518 285 1165 900
pepper 0.0309 776 228 1200 900
pepper 0.0308 37 1 148 76
pepper 0.0308 1 255 77 381
pepper 0.0308 501 254 771 403
pepper 0.0303 868 1 1200 424
pepper 0.0303 1 27 407 607
pepper 0.0298 974 1 1200 277
pepper 0.0298 1 1 332 473
pepper 0.0298 992 6 1200 522
pepper 0.0295 1 207 77 335
pepper 0.0289 161 1 1030 513
pepper 0.0289 642 85 1200 811
pepper 0.0287 33 11 1151 888
pepper 0.0283 512 259 706 467
pepper 0.0283 379 455 576 739
pepper 0.0271 1094 113 1200 435
pepper 0.0263 1 57 279 859
pepper 0.0262 1 1 476 606
pepper 0.0261 526 365 931 761
pepper 0.026 1 775 85 891
pepper 0.0253 340 1 844 688
pepper 0.0249 1 302 77 426
pepper 0.0249 1093 210 1200 529
pepper 0.0245 1 1 406 370
pepper 0.0245 1028 1 1200 483
pepper 0.0245 848 572 1185 900
pepper 0.0229 345 447 507 718
pepper 0.0229 337 250 654 725
pepper 0.0219 623 216 804 441
pepper 0.0219 387 534 723 709
pepper 0.0219 334 72 884 685
pepper 0.0214 1009 127 1200 708
pepper 0.0214 1 407 191 900
pepper 0.021 5 1 176 163
pepper 0.021 385 528 551 782
pepper 0.0209 478 1 1170 424
pepper 0.0209 85 329 676 853
pepper 0.0207 543 1 1200 495
pepper 0.0207 597 398 1200 900
pepper 0.0201 572 194 745 412
pepper 0.0201 564 247 842 390
pepper 0.02 874 215 1199 796
pepper 0.02 923 504 1200 900
pepper 0.0193 1 350 77 474
pepper 0.0193 1 727 80 851
pepper 0.0191 1 132 1200 765
pepper 0.019 1 169 381 759
