pepper 0.7724 511 223 661 463
pepper 0.7724 847 267 1004 453
pepper 0.7724 722 327 870 557
pepper 0.7724 317 426 470 657
pepper 0.7724 469 495 677 811
pepper 0.628 750 118 859 303
pepper 0.6178 608 166 715 374
pepper 0.5864 922 135 1060 327
pepper 0.5543 624 141 711 302
pepper 0.5435 580 184 695 411
pepper 0.5327 780 84 899 272
pepper 0.4782 924 86 1067 280
pepper 0.4673 528 183 680 421
pepper 0.4673 873 219 1021 433
pepper 0.4242 782 262 969 465
pepper 0.3926 896 169 1039 400
pepper 0.3618 935 104 1042 245
pepper 0.3419 741 276 865 492
pepper 0.3322 755 167 843 339
pepper 0.3226 669 152 763 279
pepper 0.3226 870 258 975 417
pepper 0.3038 863 107 957 232
pepper 0.3038 744 291 835 435
pepper 0.2946 962 143 1065 269
pepper 0.2946 727 311 936 538
pepper 0.2682 780 215 945 426
pepper 0.2597 813 283 1002 521
pepper 0.2514 752 194 854 427
pepper 0.2433 967 107 1074 234
pepper 0.2433 716 364 838 540
pepper 0.2353 863 148 955 265
pepper 0.2126 808 59 895 218
pepper 0.2054 757 240 840 388
pepper 0.2054 800 297 910 423
pepper 0.2054 734 325 840 503
pepper 0.1915 767 141 915 357
pepper 0.1848 599 123 740 316
pepper 0.1822 1 1 160 673
pepper 0.172 610 223 698 395
pepper 0.1599 659 141 786 348
pepper 0.1599 682 369 834 594
pepper 0.1599 514 503 684 732
pepper 0.1542 671 183 766 321
pepper 0.1486 719 40 880 278
pepper 0.1486 830 23 983 241
pepper 0.1486 853 312 980 471
pepper 0.145 365 78 813 801
pepper 0.1431 400 542 601 804
pepper 0.1379 705 417 840 565
pepper 0.1327 924 188 1027 333
pepper 0.1278 861 66 955 196
pepper 0.123 881 94 1095 254
pepper 0.123 869 202 966 330
pepper 0.123 502 238 600 406
pepper 0.123 334 429 451 597
pepper 0.1214 1 170 145 826
pepper 0.1184 784 184 887 314
pepper 0.1184 422 572 698 784
pepper 0.1148 656 22 1027 545
pepper 0.1139 678 301 846 539
pepper 0.1101 1 1 282 802
pepper 0.1054 840 126 986 314
pepper 0.0974 798 256 901 381
pepper 0.0974 504 278 613 456
pepper 0.0974 544 269 714 507
pepper 0.0974 282 476 446 729
pepper 0.0951 1 4 201 473
pepper 0.0937 744 246 978 406
pepper 0.0937 720 475 839 591
pepper 0.09 771 6 930 252
pepper 0.09 952 16 1106 255
pepper 0.09 796 140 1026 283
pepper 0.09 501 205 596 338
pepper 0.0865 1 13 123 340
pepper 0.0865 649 91 803 296
pepper 0.0865 972 194 1068 314
pepper 0.0865 909 240 1019 398
pepper 0.0865 663 367 898 538
pepper 0.0831 792 97 1015 244
pepper 0.0799 551 191 652 346
pepper 0.0799 673 244 769 371
pepper 0.0799 310 440 421 591
pepper 0.0767 933 74 1038 206
pepper 0.0767 886 133 1085 288
pepper 0.0767 472 480 635 697
pepper 0.0767 443 519 704 716
pepper 0.0747 638 182 1024 706
pepper 0.0737 620 146 839 289
pepper 0.0737 493 199 630 423
pepper 0.0707 670 124 767 249
pepper 0.0707 589 274 693 427
pepper 0.0679 540 101 700 317
pepper 0.0679 674 293 772 414
pepper 0.0679 461 594 622 849
pepper 0.0674 762 41 1200 810
pepper 0.0654 427 169 730 769
pepper 0.0652 553 163 656 290
pepper 0.0652 726 132 915 285
pepper 0.0652 537 233 649 416
pepper 0.0652 325 517 502 795
