pepper 0.6033 264 93 375 366
pepper 0.1452 246 197 339 364
pepper 0.0969 261 165 355 355
pepper 0.0806 208 11 625 345
pepper 0.0768 128 25 572 436
pepper 0.0762 272 94 371 257
pepper 0.0762 258 281 313 349
pepper 0.0717 225 247 309 381
pepper 0.0708 15 1 401 345
pepper 0.0708 16 1 319 480
pepper 0.0685 1 220 482 480
pepper 0.0663 1 4 575 249
pepper 0.0663 224 144 640 480
pepper 0.0632 234 255 359 480
pepper 0.0627 227 85 410 411
pepper 0.062 1 20 215 459
pepper 0.0598 223 164 359 421
pepper 0.0593 199 74 450 480
pepper 0.058 56 246 640 480
pepper 0.0567 1 304 435 480
pepper 0.0567 1 302 640 480
pepper 0.0565 31 1 170 149
pepper 0.0561 90 1 640 255
pepper 0.0561 297 55 384 206
pepper 0.0561 260 252 312 330
pepper 0.0561 233 289 279 345
pepper 0.0546 149 1 500 480
pepper 0.0543 309 1 625 462
pepper 0.0542 1 171 254 480
pepper 0.0527 283 116 384 300
pepper 0.0527 214 263 353 350
pepper 0.0527 1 379 51 480
pepper 0.0518 95 203 523 480
pepper 0.0513 1 106 640 375
pepper 0.0511 251 86 575 396
pepper 0.0511 478 102 640 480
pepper 0.0504 2 19 80 346
pepper 0.0504 542 80 640 349
pepper 0.0504 542 328 640 480
pepper 0.0495 256 57 342 218
pepper 0.0495 261 111 352 287
pepper 0.0495 293 219 383 359
pepper 0.0495 1 1 245 322
pepper 0.0495 1 114 373 361
pepper 0.0486 1 264 201 480
pepper 0.0486 225 190 419 480
pepper 0.0486 324 252 570 480
pepper 0.0486 461 236 640 480
pepper 0.0473 392 171 640 480
pepper 0.0465 21 62 79 118
pepper 0.0465 5 177 85 316
pepper 0.0465 1 415 42 474
pepper 0.0461 463 1 640 238
pepper 0.0452 1 1 390 210
pepper 0.045 530 1 640 195
pepper 0.045 557 1 640 256
pepper 0.045 155 312 304 480
pepper 0.0438 1 98 161 480
pepper 0.0438 321 265 640 415
pepper 0.0437 478 1 555 141
pepper 0.0432 198 303 640 480
pepper 0.0425 1 1 83 193
pepper 0.0425 51 1 289 154
pepper 0.0425 1 117 75 439
pepper 0.0425 560 180 640 480
pepper 0.0416 320 169 640 319
pepper 0.0416 222 333 636 480
pepper 0.0411 57 1 108 46
pepper 0.0411 24 9 76 69
pepper 0.0411 54 8 109 68
pepper 0.0411 11 31 88 150
pepper 0.0411 1 125 50 261
pepper 0.0411 1 211 42 273
pepper 0.0411 288 224 340 307
pepper 0.0411 231 263 279 323
pepper 0.0411 289 253 342 328
pepper 0.0411 1 287 41 346
pepper 0.0401 12 1 337 77
pepper 0.0401 4 12 171 271
pepper 0.0401 258 74 521 311
pepper 0.0401 536 173 640 442
pepper 0.0401 1 404 275 480
pepper 0.0395 315 1 640 126
pepper 0.0395 468 1 640 334
pepper 0.0395 250 215 610 425
pepper 0.0395 50 278 354 480
pepper 0.0394 1 1 311 282
pepper 0.0385 1 8 42 72
pepper 0.0385 43 1 123 99
pepper 0.0385 55 36 110 91
pepper 0.0385 1 84 42 146
pepper 0.0385 1 177 52 318
pepper 0.0385 1 256 52 390
pepper 0.0385 330 272 417 422
pepper 0.0379 88 1 238 164
pepper 0.0379 1 1 99 247
pepper 0.0379 1 177 92 432
pepper 0.0379 392 355 578 480
pepper 0.0379 320 401 640 480
pepper 0.0376 258 1 640 208
