pepper 0.2592 267 99 367 241
pepper 0.2592 377 211 482 348
pepper 0.2348 168 176 261 293
pepper 0.2213 275 227 432 431
pepper 0.2213 295 214 503 392
pepper 0.1909 248 85 348 211
pepper 0.1909 139 151 236 262
pepper 0.1909 282 280 387 410
pepper 0.1828 472 1 628 236
pepper 0.174 215 75 379 256
pepper 0.1714 115 126 215 252
pepper 0.1656 227 264 402 432
pepper 0.1452 192 172 284 287
pepper 0.1452 296 297 391 453
pepper 0.1422 235 207 468 424
pepper 0.1373 144 191 289 278
pepper 0.1351 100 89 236 266
pepper 0.1297 246 1 331 146
pepper 0.1297 240 116 390 217
pepper 0.1297 85 122 179 252
pepper 0.1297 360 235 510 337
pepper 0.1225 173 79 256 203
pepper 0.1225 284 118 386 263
pepper 0.1225 225 184 279 249
pepper 0.1225 202 196 292 307
pepper 0.1225 348 232 447 346
pepper 0.1217 141 128 297 283
pepper 0.1156 189 204 247 276
pepper 0.1156 400 201 492 327
pepper 0.1154 182 113 383 308
pepper 0.1094 361 187 551 361
pepper 0.109 265 1 352 151
pepper 0.109 161 59 213 121
pepper 0.109 150 26 237 154
pepper 0.109 545 59 629 206
pepper 0.109 300 266 397 370
pepper 0.1037 230 256 481 389
pepper 0.1028 192 36 246 97
pepper 0.1028 178 9 260 130
pepper 0.1028 142 103 292 180
pepper 0.1028 78 131 226 215
pepper 0.1028 106 167 264 259
pepper 0.1028 192 234 247 295
pepper 0.0983 176 16 377 186
pepper 0.0983 54 30 302 270
pepper 0.0983 120 97 315 258
pepper 0.0969 261 34 313 98
pepper 0.0969 190 59 245 123
pepper 0.0969 263 42 353 187
pepper 0.0969 189 84 245 150
pepper 0.0969 188 109 245 172
pepper 0.0969 166 103 250 240
pepper 0.0969 189 179 245 254
pepper 0.0969 176 172 318 252
pepper 0.0969 285 158 373 284
pepper 0.0969 172 223 327 301
pepper 0.0969 262 290 415 394
pepper 0.0931 266 112 421 369
pepper 0.0931 350 130 478 366
pepper 0.0931 245 248 574 362
pepper 0.0913 227 37 280 98
pepper 0.0913 245 37 332 176
pepper 0.0913 160 85 211 144
pepper 0.0913 219 98 370 192
pepper 0.0913 125 138 180 203
pepper 0.0913 252 130 343 251
pepper 0.0913 148 213 297 295
pepper 0.089 266 183 557 431
pepper 0.0867 103 20 558 464
pepper 0.086 58 86 111 144
pepper 0.086 125 83 176 151
pepper 0.086 125 109 178 177
pepper 0.086 562 108 616 168
pepper 0.086 51 108 133 230
pepper 0.086 94 146 240 239
pepper 0.086 436 187 517 303
pepper 0.0835 220 1 358 221
pepper 0.0835 106 142 349 272
pepper 0.0835 131 162 295 345
pepper 0.0835 262 286 434 468
pepper 0.081 214 15 299 138
pepper 0.081 212 57 361 140
pepper 0.081 148 57 232 179
pepper 0.081 215 54 301 175
pepper 0.081 90 112 147 173
pepper 0.081 79 89 166 208
pepper 0.081 261 107 318 178
pepper 0.081 514 101 592 242
pepper 0.081 160 180 215 255
pepper 0.081 221 205 278 273
pepper 0.081 367 207 509 291
pepper 0.081 454 210 514 272
pepper 0.081 220 235 278 297
pepper 0.079 235 182 380 421
pepper 0.0762 543 26 625 171
pepper 0.0762 227 84 281 147
pepper 0.0762 512 97 640 175
pepper 0.0762 60 136 112 195
pepper 0.0762 93 159 148 222
pepper 0.0762 127 156 181 230
