pepper 0.3684 206 174 320 382
pepper 0.1373 214 165 309 310
pepper 0.1348 411 4 640 397
pepper 0.1297 347 98 435 231
pepper 0.1225 479 134 565 308
pepper 0.1156 443 6 536 155
pepper 0.109 208 40 293 180
pepper 0.1028 225 81 279 145
pepper 0.1028 363 134 417 197
pepper 0.1028 206 237 295 395
pepper 0.0983 186 110 303 369
pepper 0.0913 360 160 415 214
pepper 0.086 233 29 316 163
pepper 0.086 218 7 627 330
pepper 0.0835 427 12 586 323
pepper 0.081 360 109 414 173
pepper 0.081 598 136 640 195
pepper 0.079 1 192 86 480
pepper 0.0762 184 37 263 170
pepper 0.0762 227 56 278 123
pepper 0.0762 423 16 503 162
pepper 0.0762 173 72 323 149
pepper 0.0762 233 139 321 279
pepper 0.0762 498 131 588 272
pepper 0.0722 117 21 540 463
pepper 0.0717 226 1 311 113
pepper 0.0717 543 1 634 137
pepper 0.0717 196 58 244 124
pepper 0.0717 473 17 562 165
pepper 0.0717 392 113 447 169
pepper 0.0717 376 88 459 210
pepper 0.0717 314 145 465 222
pepper 0.0717 190 159 281 305
pepper 0.0717 186 259 336 358
pepper 0.0675 566 1 640 123
pepper 0.0675 321 121 464 202
pepper 0.0675 330 162 382 218
pepper 0.0675 323 122 405 250
pepper 0.0675 228 184 276 258
pepper 0.0648 194 94 449 480
pepper 0.0638 1 105 640 376
pepper 0.0635 394 86 446 149
pepper 0.0635 525 156 579 225
pepper 0.0635 459 162 545 325
pepper 0.0635 254 280 310 350
pepper 0.0598 171 247 296 480
pepper 0.0597 26 33 77 93
pepper 0.0597 8 1 87 132
pepper 0.0597 565 29 613 96
pepper 0.0597 182 52 328 131
pepper 0.0597 256 56 310 120
pepper 0.0597 257 84 311 143
pepper 0.0597 161 111 213 167
pepper 0.0597 152 70 231 193
pepper 0.0597 189 176 337 275
pepper 0.0597 361 186 415 241
pepper 0.0597 226 336 280 400
pepper 0.0597 210 338 291 469
pepper 0.0597 392 441 447 480
pepper 0.0596 76 247 327 480
pepper 0.0596 422 275 640 480
pepper 0.0567 1 1 245 307
pepper 0.0567 107 204 532 480
pepper 0.0566 466 1 640 294
pepper 0.0566 471 77 638 480
pepper 0.0565 347 174 505 435
pepper 0.0561 213 6 296 152
pepper 0.0561 432 31 481 97
pepper 0.0561 416 26 564 114
pepper 0.0561 432 58 480 123
pepper 0.0561 560 55 609 121
pepper 0.0561 162 84 211 147
pepper 0.0561 498 79 547 148
pepper 0.0561 590 102 640 228
pepper 0.0561 461 119 548 285
pepper 0.0561 196 210 288 366
pepper 0.0561 187 279 274 415
pepper 0.0543 33 1 395 349
pepper 0.0543 82 2 640 256
pepper 0.0543 323 1 631 445
pepper 0.0543 1 220 481 480
pepper 0.0542 1 302 640 480
pepper 0.0542 394 171 640 480
pepper 0.0534 1 54 79 413
pepper 0.0534 195 176 460 400
pepper 0.0534 456 127 620 416
pepper 0.0527 530 2 640 85
pepper 0.0527 464 29 511 102
pepper 0.0527 496 28 545 101
pepper 0.0527 530 29 577 100
pepper 0.0527 45 20 119 149
pepper 0.0527 529 54 580 124
pepper 0.0527 598 54 640 120
pepper 0.0527 256 136 312 195
pepper 0.0527 236 106 320 227
pepper 0.0527 253 203 308 276
pepper 0.0527 225 279 280 352
pepper 0.0527 176 314 315 399
pepper 0.0527 207 310 291 429
pepper 0.0527 183 339 264 465
