pepper 0.7724 330 183 424 333
pepper 0.7724 214 215 304 367
pepper 0.2682 581 135 633 266
pepper 0.2353 589 156 636 236
pepper 0.172 591 203 638 276
pepper 0.1599 379 1 469 105
pepper 0.1599 395 27 453 91
pepper 0.1542 585 169 638 301
pepper 0.1379 592 180 637 262
pepper 0.123 592 135 636 212
pepper 0.0982 199 47 452 417
pepper 0.09 594 230 640 298
pepper 0.0894 574 19 640 339
pepper 0.0865 355 6 493 88
pepper 0.0865 582 76 640 247
pepper 0.084 1 1 71 379
pepper 0.0799 192 236 290 377
pepper 0.0707 572 140 626 206
pepper 0.0707 228 252 320 383
pepper 0.0679 398 1 493 111
pepper 0.0674 410 30 640 430
pepper 0.0652 1 98 73 453
pepper 0.0638 292 1 640 393
pepper 0.0601 421 33 477 89
pepper 0.0593 12 1 312 438
pepper 0.0577 341 150 429 297
pepper 0.0553 580 13 640 193
pepper 0.0538 1 291 95 480
pepper 0.051 585 215 640 356
pepper 0.0505 1 24 242 446
pepper 0.0504 1 1 100 205
pepper 0.0504 552 1 640 289
pepper 0.0487 3 46 310 480
pepper 0.0473 408 1 640 339
pepper 0.0469 596 259 640 323
pepper 0.0457 223 1 422 362
pepper 0.0443 1 1 89 263
pepper 0.0443 220 210 337 397
pepper 0.0443 1 191 80 480
pepper 0.0414 1 167 52 334
pepper 0.0397 368 23 515 96
pepper 0.0397 573 156 627 228
pepper 0.0397 597 286 640 345
pepper 0.0397 1 291 52 456
pepper 0.0389 182 217 313 399
pepper 0.0381 482 1 640 266
pepper 0.0381 1 67 165 428
pepper 0.0381 201 133 442 362
pepper 0.0381 1 16 52 186
pepper 0.0381 1 218 52 381
pepper 0.0381 1 342 56 480
pepper 0.0365 1 66 52 236
pepper 0.0365 559 88 634 238
pepper 0.0365 1 116 52 288
pepper 0.0365 574 207 627 273
pepper 0.0365 207 269 295 406
pepper 0.0364 566 108 640 412
pepper 0.0364 207 191 422 463
pepper 0.0347 87 81 306 402
pepper 0.0343 327 35 635 480
pepper 0.0335 396 55 449 109
pepper 0.0335 567 187 633 323
pepper 0.0322 234 195 318 346
pepper 0.0322 572 232 624 294
pepper 0.0319 314 1 514 113
pepper 0.0308 281 195 364 332
pepper 0.0303 489 1 640 333
pepper 0.0303 67 214 329 451
pepper 0.0299 310 1 640 260
pepper 0.0295 356 208 453 341
pepper 0.0289 1 1 174 228
pepper 0.0283 346 1 447 110
pepper 0.0283 183 260 275 395
pepper 0.0279 524 1 640 183
pepper 0.0279 1 1 172 274
pepper 0.0274 29 11 607 463
pepper 0.027 172 1 476 311
pepper 0.0263 334 92 548 400
pepper 0.0263 1 185 204 479
pepper 0.026 554 36 635 213
pepper 0.0252 1 1 149 369
pepper 0.0252 1 137 150 480
pepper 0.0249 1 1 58 130
pepper 0.0249 193 255 325 357
pepper 0.024 332 1 555 327
pepper 0.0229 414 1 640 222
pepper 0.0229 1 19 203 318
pepper 0.0229 579 1 640 133
pepper 0.0229 359 168 447 297
pepper 0.0229 297 236 445 328
pepper 0.0219 196 288 347 373
pepper 0.0219 581 341 640 480
pepper 0.0214 1 1 153 155
pepper 0.0214 365 1 574 146
pepper 0.0214 294 202 413 386
pepper 0.021 568 261 619 317
pepper 0.021 244 291 328 415
pepper 0.0201 314 228 404 362
pepper 0.02 98 1 546 269
pepper 0.0199 454 153 640 480
