pepper 0.7724 428 387 507 482
pepper 0.7724 682 411 754 498
pepper 0.7724 386 491 459 578
pepper 0.7724 515 487 580 573
pepper 0.7724 675 491 742 575
pepper 0.7567 793 491 867 582
pepper 0.6774 487 391 567 484
pepper 0.6074 768 412 851 502
pepper 0.4457 542 495 613 575
pepper 0.4242 440 368 527 492
pepper 0.4242 553 404 621 495
pepper 0.4242 671 442 748 537
pepper 0.4136 421 493 509 572
pepper 0.372 644 405 720 501
pepper 0.3518 795 404 877 502
pepper 0.3518 757 496 841 581
pepper 0.3131 503 455 578 550
pepper 0.2768 380 399 466 499
pepper 0.2768 790 447 869 551
pepper 0.2126 420 326 545 520
pepper 0.2126 383 462 461 556
pepper 0.2054 640 490 709 573
pepper 0.1915 422 452 506 544
pepper 0.1184 644 447 719 544
pepper 0.1143 4 16 162 647
pepper 0.1013 544 454 619 550
pepper 0.1012 595 99 1200 787
pepper 0.09 761 443 849 542
pepper 0.0853 545 162 1200 900
pepper 0.0831 395 383 581 512
pepper 0.0831 797 536 889 627
pepper 0.0799 636 404 823 527
pepper 0.0767 498 531 586 619
pepper 0.0679 1 154 110 484
pepper 0.0679 371 532 465 624
pepper 0.0653 353 86 873 829
pepper 0.0652 1 153 160 812
pepper 0.0652 1 547 183 900
pepper 0.0652 676 373 774 480
pepper 0.0652 675 541 763 625
pepper 0.0626 759 1 1065 96
pepper 0.0612 581 412 1200 900
pepper 0.0601 361 355 508 549
pepper 0.0601 723 389 861 552
pepper 0.0579 557 1 1200 742
pepper 0.0574 475 1 1200 372
pepper 0.0574 969 594 1200 900
pepper 0.0553 860 1 973 73
pepper 0.0553 406 243 549 535
pepper 0.0538 746 28 1200 871
pepper 0.0531 71 260 245 521
pepper 0.0521 1 36 449 843
pepper 0.0489 451 322 596 529
pepper 0.0469 799 1 911 75
pepper 0.0457 1 51 283 831
pepper 0.0452 6 75 579 900
pepper 0.045 658 333 808 531
pepper 0.045 751 368 845 481
pepper 0.045 546 540 634 624
pepper 0.0431 306 496 397 582
pepper 0.0415 13 48 284 584
pepper 0.0414 373 363 471 478
pepper 0.0414 13 293 192 605
pepper 0.0402 754 275 1200 900
pepper 0.0398 1 1 316 514
pepper 0.0398 853 325 1200 900
pepper 0.0397 678 400 875 525
pepper 0.0393 60 16 1188 885
pepper 0.0381 923 1 1037 75
pepper 0.0381 1 62 104 403
pepper 0.0381 5 101 180 468
pepper 0.0381 1 297 103 606
pepper 0.0381 403 399 550 563
pepper 0.037 21 1 567 829
pepper 0.0365 734 1 847 72
pepper 0.0364 1 604 414 900
pepper 0.035 758 372 895 557
pepper 0.035 761 417 884 593
pepper 0.035 773 472 886 631
pepper 0.0347 1 20 347 587
pepper 0.0332 533 1 1176 298
pepper 0.0332 845 486 1200 900
pepper 0.0322 302 456 393 550
pepper 0.0322 655 410 784 568
pepper 0.0319 829 509 1188 900
pepper 0.0309 693 1 1200 502
pepper 0.0308 732 457 858 623
pepper 0.0298 951 1 1200 255
pepper 0.0298 1 5 219 514
pepper 0.0298 1017 388 1200 900
pepper 0.0289 838 1 1200 360
pepper 0.0283 1 395 78 518
pepper 0.0283 478 430 589 588
pepper 0.0283 366 480 484 630
pepper 0.0283 378 481 589 597
pepper 0.0283 1 599 98 900
pepper 0.0279 898 540 1200 900
pepper 0.0279 23 543 320 900
pepper 0.0276 427 184 790 754
pepper 0.0271 629 1 937 92
