pepper 0.7724 279 140 369 321
pepper 0.1726 78 1 364 334
pepper 0.1289 175 25 445 414
pepper 0.0894 1 288 105 480
pepper 0.0789 140 2 344 268
pepper 0.0789 1 42 73 422
pepper 0.0714 491 38 640 473
pepper 0.0695 1 1 93 185
pepper 0.0695 565 1 640 370
pepper 0.0652 1 142 81 480
pepper 0.0612 563 83 640 468
pepper 0.0598 60 1 348 161
pepper 0.0572 276 1 604 322
pepper 0.0556 1 16 249 444
pepper 0.0538 159 1 456 303
pepper 0.0538 515 1 640 143
pepper 0.0538 1 1 82 314
pepper 0.0523 82 68 306 400
pepper 0.0504 118 1 336 122
pepper 0.0499 17 1 310 443
pepper 0.0478 202 1 401 337
pepper 0.0478 1 149 164 480
pepper 0.0469 135 2 304 86
pepper 0.0469 1 114 52 284
pepper 0.0457 1 1 169 346
pepper 0.0443 1 310 180 480
pepper 0.0415 1 1 227 188
pepper 0.0415 547 1 640 247
pepper 0.0415 1 318 148 480
pepper 0.0402 408 17 640 458
pepper 0.0398 15 171 349 480
pepper 0.0397 1 63 53 238
pepper 0.0389 67 1 291 148
pepper 0.0389 460 199 636 480
pepper 0.0381 1 165 52 331
pepper 0.0379 5 36 309 480
pepper 0.0365 1 1 56 127
pepper 0.0365 258 131 348 289
pepper 0.0365 1 219 52 382
pepper 0.0364 1 215 113 480
pepper 0.0364 558 180 640 480
pepper 0.035 584 64 640 230
pepper 0.0347 281 106 600 402
pepper 0.0341 1 1 180 145
pepper 0.0341 187 1 372 153
pepper 0.0341 530 2 640 265
pepper 0.0322 165 1 283 133
pepper 0.0322 1 13 53 185
pepper 0.0322 584 112 640 282
pepper 0.0319 99 12 378 136
pepper 0.0319 220 70 352 313
pepper 0.0319 541 287 640 480
pepper 0.0317 464 1 640 344
pepper 0.0308 141 1 244 116
pepper 0.0303 261 151 624 480
pepper 0.0298 1 1 144 141
pepper 0.0289 272 1 623 210
pepper 0.0289 461 1 640 212
pepper 0.0283 132 1 303 57
pepper 0.0283 273 209 364 349
pepper 0.0279 1 280 205 480
pepper 0.0276 212 106 422 480
pepper 0.0271 583 13 640 178
pepper 0.0271 1 267 53 431
pepper 0.0261 234 170 356 389
pepper 0.0252 1 1 448 124
pepper 0.0249 194 1 296 118
pepper 0.0249 579 1 640 118
pepper 0.0249 584 161 640 332
pepper 0.0247 333 1 633 444
pepper 0.0245 72 1 247 126
pepper 0.0245 286 160 402 384
pepper 0.024 1 1 176 211
pepper 0.024 202 122 444 354
pepper 0.024 77 128 297 480
pepper 0.0239 1 343 56 480
pepper 0.0235 332 29 632 480
pepper 0.0229 228 1 326 122
pepper 0.0229 452 1 627 146
pepper 0.0229 540 76 640 372
pepper 0.0229 536 164 640 465
pepper 0.0219 296 120 391 257
pepper 0.0219 585 213 640 380
pepper 0.0219 152 138 481 480
pepper 0.0219 460 250 640 480
pepper 0.0214 420 1 640 193
pepper 0.0214 87 1 275 245
pepper 0.0209 23 9 589 465
pepper 0.0201 79 2 242 81
pepper 0.0201 111 1 207 113
pepper 0.0201 281 94 364 230
pepper 0.0201 247 189 350 344
pepper 0.0201 296 188 390 342
pepper 0.0201 584 263 640 431
pepper 0.02 341 54 640 422
pepper 0.02 466 114 638 416
pepper 0.019 336 55 556 438
pepper 0.0187 1 1 341 255
pepper 0.0183 101 1 524 480
pepper 0.0182 1 91 208 408
