pepper 0.8227 622 394 770 663
pepper 0.7616 369 393 521 631
root 0.7616 684 617 713 670
root 0.6963 455 593 484 640
root 0.4178 446 564 492 637
root 0.4178 684 634 713 691
root 0.3399 436 601 466 655
root 0.295 439 577 468 638
root 0.2096 692 602 732 675
pepper 0.1807 278 54 906 801
pepper 0.1713 382 399 466 535
pepper 0.1713 157 379 302 646
pepper 0.1655 580 13 721 258
pepper 0.1438 553 17 679 245
root 0.1438 703 636 737 706
root 0.1292 672 570 714 661
pepper 0.1158 626 130 680 210
pepper 0.1076 399 456 470 587
pepper 0.1076 406 510 468 625
root 0.1076 517 473 568 539
root 0.1076 686 499 743 625
root 0.1037 686 558 744 658
pepper 0.0926 446 564 492 637
pepper 0.0892 187 423 341 647
pepper 0.0892 419 492 510 633
pepper 0.0859 361 299 477 581
pepper 0.0859 318 457 559 625
root 0.0827 236 498 315 593
pepper 0.0804 1 16 478 817
root 0.0796 598 526 630 574
pepper 0.0766 593 124 652 223
pepper 0.0737 189 495 278 610
root 0.071 587 474 626 528
root 0.071 650 449 720 590
root 0.071 663 510 714 634
pepper 0.0683 384 363 448 467
root 0.0683 419 492 510 633
root 0.0683 656 686 698 757
pepper 0.0657 647 40 798 281
root 0.0657 247 456 316 545
root 0.0657 338 521 385 584
root 0.0657 707 684 749 765
pepper 0.0641 308 360 542 670
pepper 0.0632 1 151 78 499
pepper 0.0632 421 446 504 592
root 0.0632 760 131 817 207
root 0.0632 406 510 468 625
pepper 0.0608 647 450 775 703
root 0.0608 408 635 453 709
pepper 0.0607 149 393 435 754
pepper 0.0584 751 172 815 252
root 0.0584 704 132 760 209
pepper 0.0576 1 1 677 724
pepper 0.0562 618 398 719 536
pepper 0.0562 632 456 737 683
pepper 0.056 878 1 1200 642
pepper 0.054 745 215 820 306
pepper 0.054 236 498 315 593
root 0.054 626 130 680 210
root 0.054 516 417 578 493
root 0.054 492 518 555 588
pepper 0.052 585 74 655 187
root 0.052 632 179 676 246
root 0.052 239 544 318 628
pepper 0.0515 1 1 141 682
pepper 0.0507 751 20 1200 821
pepper 0.0499 677 444 752 584
root 0.0499 585 74 655 187
root 0.0499 328 560 390 630
root 0.048 480 557 549 626
pepper 0.0478 128 1 1066 483
pepper 0.0462 1 12 80 377
pepper 0.0462 704 132 760 209
pepper 0.0462 199 335 351 580
root 0.0462 751 172 815 252
root 0.0462 250 409 319 495
root 0.0462 338 472 386 540
root 0.0462 677 444 752 584
pepper 0.0448 503 1 1169 314
pepper 0.0444 632 179 676 246
pepper 0.0444 186 444 281 572
pepper 0.044 213 1 981 900
pepper 0.0436 154 344 469 639
pepper 0.0426 703 177 767 252
pepper 0.0426 669 395 765 531
pepper 0.0426 1 393 74 729
root 0.0426 604 185 644 254
root 0.0426 359 405 521 631
pepper 0.0412 27 348 334 835
pepper 0.041 650 449 720 590
pepper 0.041 132 465 401 610
root 0.041 493 597 553 663
pepper 0.04 64 192 644 699
pepper 0.0394 370 212 436 315
pepper 0.0394 285 377 451 620
pepper 0.0394 686 558 744 658
root 0.0394 623 78 688 182
root 0.0394 399 456 470 587
root 0.0394 447 630 494 705
pepper 0.0378 623 78 688 182
