pepper 0.8633 492 264 733 652
pepper 0.1076 363 83 852 792
pepper 0.0952 1 26 466 845
pepper 0.0889 427 209 785 837
pepper 0.078 919 77 1200 870
pepper 0.0747 875 281 1200 900
pepper 0.0612 1 1 150 700
pepper 0.0574 1 170 166 882
pepper 0.0574 1 533 183 900
pepper 0.0553 469 322 671 654
pepper 0.0538 1060 87 1200 760
pepper 0.0538 976 602 1200 900
pepper 0.0504 963 1 1200 262
pepper 0.0478 430 48 773 651
pepper 0.0473 1044 256 1200 900
pepper 0.0469 528 274 736 545
pepper 0.0452 4 63 579 900
pepper 0.0417 524 1 1129 600
pepper 0.0417 522 200 1100 745
pepper 0.0417 1 254 310 900
pepper 0.0417 497 303 1163 900
pepper 0.0414 513 265 700 472
pepper 0.0389 991 1 1200 480
pepper 0.0381 58 1 650 577
pepper 0.0365 1 28 99 338
pepper 0.0361 22 1 577 834
pepper 0.0341 763 48 1200 859
pepper 0.0341 1 1 186 361
pepper 0.0332 76 170 643 706
pepper 0.0322 1 121 99 436
pepper 0.0322 1 217 101 534
pepper 0.0317 859 1 1200 374
pepper 0.0317 871 1 1200 605
pepper 0.0308 1 352 98 679
pepper 0.0303 1 1 324 659
pepper 0.0298 1 1 168 469
pepper 0.0298 1023 1 1200 427
pepper 0.0295 612 64 1194 900
pepper 0.0289 858 475 1200 900
pepper 0.0279 1017 153 1200 678
pepper 0.0279 844 492 1190 900
pepper 0.0271 473 267 659 547
pepper 0.0271 516 461 683 708
pepper 0.0266 619 1 1193 830
pepper 0.0263 29 348 648 882
pepper 0.0261 515 287 898 693
pepper 0.0261 1024 452 1200 900
pepper 0.026 1 1 112 236
pepper 0.0252 1 1 339 404
pepper 0.0249 555 246 736 464
pepper 0.0245 868 227 1197 776
pepper 0.0245 999 324 1200 873
pepper 0.0245 1 386 226 900
pepper 0.024 492 1 1168 396
pepper 0.0239 1 448 102 768
pepper 0.0239 1 684 112 900
pepper 0.0229 6 580 330 900
pepper 0.0219 1087 1 1200 227
pepper 0.0219 519 192 691 419
pepper 0.0219 617 229 1052 900
pepper 0.0214 843 1 1172 263
pepper 0.0214 1 1 370 471
pepper 0.0201 482 261 733 410
pepper 0.0201 1096 310 1200 621
pepper 0.02 173 1 1026 488
pepper 0.02 1 1 290 277
pepper 0.02 917 1 1200 343
pepper 0.02 46 19 1129 869
pepper 0.0193 569 172 742 411
pepper 0.019 1 425 298 900
pepper 0.0187 306 1 890 573
pepper 0.0187 749 1 1080 479
pepper 0.0187 1 46 192 609
pepper 0.0187 1 61 305 582
pepper 0.0187 1 594 273 900
pepper 0.0185 1098 216 1200 520
pepper 0.0181 546 1 1200 474
pepper 0.0181 633 112 1200 793
pepper 0.0181 1 326 488 900
pepper 0.0181 770 233 1200 900
pepper 0.0178 193 1 994 900
pepper 0.0175 1 404 628 900
pepper 0.0175 780 1 1200 335
pepper 0.0175 736 437 1091 900
pepper 0.017 1 112 78 235
pepper 0.017 1 208 78 329
pepper 0.017 471 236 641 453
pepper 0.017 1 545 104 868
pepper 0.0169 1 1 638 482
pepper 0.0165 154 98 563 792
pepper 0.0164 575 409 1200 900
pepper 0.0158 443 1 1200 367
pepper 0.0158 1 184 394 750
pepper 0.0156 1 256 80 374
pepper 0.0156 1093 401 1200 715
pepper 0.0156 1083 684 1200 900
pepper 0.0153 891 1 1184 499
pepper 0.0153 544 360 954 782
pepper 0.0151 42 1 696 373
pepper 0.0149 1 69 80 185
