pepper 0.8178 277 57 549 327
pepper 0.7966 243 522 525 897
pepper 0.7724 693 55 966 346
pepper 0.7486 677 614 960 884
pepper 0.4349 7 629 155 900
pepper 0.3419 6 50 148 337
pepper 0.2264 1 582 194 900
pepper 0.1722 9 1 146 488
pepper 0.1722 9 585 305 900
pepper 0.1659 1 1 116 310
pepper 0.1599 1 673 127 900
pepper 0.1486 21 140 148 276
pepper 0.1379 19 575 176 803
pepper 0.123 1 1 167 269
pepper 0.123 356 29 541 303
pepper 0.1214 184 12 564 340
pepper 0.1139 1 592 119 863
pepper 0.1075 284 1 561 285
pepper 0.1013 1098 29 1200 335
pepper 0.1012 1 89 159 724
pepper 0.0974 274 35 459 288
pepper 0.0951 985 627 1200 900
pepper 0.09 1 150 97 277
pepper 0.0851 1 9 310 890
pepper 0.0851 661 16 1012 822
pepper 0.084 336 63 877 844
pepper 0.0815 1 331 432 900
pepper 0.0799 36 608 222 879
pepper 0.0707 1 109 93 254
pepper 0.0707 760 626 982 900
pepper 0.0695 1 1 156 393
pepper 0.0653 635 472 1200 900
pepper 0.0652 1039 1 1200 373
pepper 0.0652 283 622 510 900
pepper 0.0626 316 2 500 236
pepper 0.0626 1 94 122 419
pepper 0.0601 1 547 112 791
pepper 0.0601 1 762 102 891
pepper 0.0598 174 38 541 839
pepper 0.0593 342 363 881 900
pepper 0.0577 238 144 535 322
pepper 0.0574 1056 95 1200 734
pepper 0.0572 180 471 586 885
pepper 0.0553 300 515 504 741
pepper 0.0553 673 639 861 891
pepper 0.0538 29 36 289 416
pepper 0.0531 29 495 182 761
pepper 0.0531 55 553 228 782
pepper 0.051 316 475 500 678
pepper 0.0489 228 617 408 900
pepper 0.0489 650 1 1200 436
pepper 0.0489 1 453 523 900
pepper 0.0478 599 592 1074 900
pepper 0.0473 1058 285 1200 900
pepper 0.0473 1043 497 1200 900
pepper 0.0469 377 1 552 229
pepper 0.0469 44 586 158 711
pepper 0.0469 1 718 96 866
pepper 0.045 227 51 397 309
pepper 0.045 1102 118 1200 430
pepper 0.045 1 586 83 712
pepper 0.045 699 589 994 730
pepper 0.0443 671 1 912 337
pepper 0.0436 664 26 1015 464
pepper 0.0431 269 1 442 228
pepper 0.043 12 87 578 900
pepper 0.0429 747 315 1200 900
pepper 0.0415 733 575 1175 900
pepper 0.0414 1092 1 1200 232
pepper 0.0414 704 87 904 390
pepper 0.0414 254 528 543 685
pepper 0.0398 1 1 277 640
pepper 0.0398 1 581 371 900
pepper 0.0397 363 503 536 725
pepper 0.0381 282 1 860 363
pepper 0.0381 1 274 284 900
pepper 0.0381 703 15 888 267
pepper 0.0381 754 564 947 777
pepper 0.0379 23 1 576 837
pepper 0.0365 1 1 87 87
pepper 0.0365 1 715 126 900
pepper 0.0364 307 85 544 624
pepper 0.0364 281 555 899 900
pepper 0.035 1 1 116 176
pepper 0.035 794 590 981 841
pepper 0.0347 854 511 1200 900
pepper 0.0341 756 1 1200 573
pepper 0.0335 1 194 108 510
pepper 0.0335 6 167 166 496
pepper 0.0335 1 481 108 743
pepper 0.0332 670 352 994 900
pepper 0.033 734 46 1200 849
pepper 0.0322 1 11 85 145
pepper 0.0322 752 3 941 243
pepper 0.0322 265 496 543 636
pepper 0.0322 1 625 84 766
pepper 0.0322 333 574 534 889
pepper 0.0322 751 687 943 900
pepper 0.0319 1052 1 1200 523
pepper 0.0319 29 133 275 676
