pepper 0.916 445 178 709 710
pepper 0.1289 369 102 804 781
pepper 0.1012 1 274 141 900
pepper 0.0718 1 26 466 833
pepper 0.0714 150 168 653 723
pepper 0.0653 760 34 1200 873
pepper 0.0652 1 97 141 791
pepper 0.0652 1061 242 1200 900
pepper 0.0626 38 1 150 75
pepper 0.0626 1 1 107 282
pepper 0.0612 1 1 217 274
pepper 0.0601 481 209 699 511
pepper 0.0601 499 434 686 724
pepper 0.0577 445 441 640 725
pepper 0.0577 1 593 103 900
pepper 0.0574 1 1 163 553
pepper 0.0547 914 216 1200 900
pepper 0.0523 51 1 633 573
pepper 0.05 521 191 1123 765
pepper 0.0478 19 1 719 380
pepper 0.045 4 1 193 214
pepper 0.045 438 335 657 696
pepper 0.045 1 689 110 900
pepper 0.0443 1062 1 1200 706
pepper 0.0441 11 69 580 900
pepper 0.0431 1 1 315 149
pepper 0.0431 1 499 100 817
pepper 0.0397 1 407 100 729
pepper 0.0389 979 1 1200 280
pepper 0.0389 1 557 177 900
pepper 0.0381 1 1 358 663
pepper 0.0381 1093 533 1200 868
pepper 0.0365 1 1 87 84
pepper 0.0365 1 1 248 100
pepper 0.0364 1 1 204 383
pepper 0.0364 524 1 1136 597
pepper 0.0364 1 276 299 900
pepper 0.0352 1 1 641 751
pepper 0.035 1 17 86 138
pepper 0.0347 496 1 1172 394
pepper 0.0335 1096 121 1200 431
pepper 0.0335 534 205 726 469
pepper 0.0335 1093 396 1200 728
pepper 0.033 1 1 664 477
pepper 0.0322 1 1 118 160
pepper 0.0322 9 1 184 149
pepper 0.0322 1 66 82 187
pepper 0.0322 1096 217 1200 524
pepper 0.0322 1 270 99 579
pepper 0.031 619 1 1188 832
pepper 0.031 615 55 1188 900
pepper 0.0308 1091 18 1200 338
pepper 0.0308 446 239 660 607
pepper 0.0298 1 1 410 236
pepper 0.0295 1 67 98 392
pepper 0.0295 1094 305 1200 627
pepper 0.0279 1 1 383 336
pepper 0.0276 278 1 959 447
pepper 0.0274 41 18 1117 878
pepper 0.0271 52 1 255 205
pepper 0.0263 1 180 408 770
pepper 0.0261 1 324 183 876
pepper 0.026 103 1 214 72
pepper 0.026 1087 685 1200 900
pepper 0.0249 1 178 98 477
pepper 0.0249 1 774 85 893
pepper 0.0245 998 6 1200 496
pepper 0.024 1 1 354 374
pepper 0.0239 1086 1 1200 235
pepper 0.0239 3 576 169 900
pepper 0.0229 867 461 1200 900
pepper 0.0229 1 1 476 613
pepper 0.0229 349 1 835 662
pepper 0.0229 511 527 679 794
pepper 0.0219 865 1 1200 411
pepper 0.021 572 52 745 319
pepper 0.021 401 480 570 747
pepper 0.02 1 1 340 490
pepper 0.0199 856 1 1200 658
pepper 0.0199 620 104 1046 825
pepper 0.0199 53 288 662 868
pepper 0.0194 543 1 1200 482
pepper 0.0193 568 132 740 361
pepper 0.0193 456 198 655 439
pepper 0.0193 1 725 81 854
pepper 0.019 793 304 1200 900
pepper 0.0187 31 1 303 309
pepper 0.0187 424 298 694 823
pepper 0.0185 121 1 312 205
pepper 0.0185 418 304 591 655
pepper 0.0181 770 240 1200 900
pepper 0.0177 1 111 80 237
pepper 0.0177 511 157 688 377
pepper 0.0177 4 690 179 900
pepper 0.0175 1 157 184 700
pepper 0.0175 3 167 313 679
pepper 0.0175 1021 540 1200 900
pepper 0.0173 1 1 779 618
pepper 0.017 1 133 1200 764
pepper 0.017 1 585 79 712
