pepper 0.2852 299 155 398 277
pepper 0.272 379 247 472 382
pepper 0.2468 34 198 131 339
pepper 0.2468 237 256 330 387
pepper 0.2348 198 184 298 308
pepper 0.2232 103 348 195 476
pepper 0.2213 239 163 445 351
pepper 0.212 234 292 335 415
pepper 0.2112 222 202 353 423
pepper 0.174 337 163 481 373
pepper 0.1623 270 165 422 257
pepper 0.1623 277 159 378 287
pepper 0.1623 208 278 365 359
pepper 0.1623 217 297 362 385
pepper 0.1536 7 218 155 306
pepper 0.1452 176 191 326 286
pepper 0.1452 256 286 312 352
pepper 0.1373 231 190 322 314
pepper 0.1351 75 316 242 463
pepper 0.1309 466 28 640 480
pepper 0.1297 328 154 420 283
pepper 0.1297 12 206 103 354
pepper 0.1297 349 252 499 343
pepper 0.1225 218 188 366 277
pepper 0.1225 220 239 307 373
pepper 0.1217 453 1 640 173
pepper 0.1217 204 178 380 354
pepper 0.1156 55 231 110 300
pepper 0.1156 201 214 351 299
pepper 0.1156 73 387 220 477
pepper 0.1154 78 254 214 476
pepper 0.1094 384 1 638 195
pepper 0.1094 31 223 182 459
pepper 0.109 333 121 425 240
pepper 0.109 235 224 324 356
pepper 0.109 394 256 445 331
pepper 0.109 260 306 315 381
pepper 0.109 77 351 212 442
pepper 0.1028 300 131 453 213
pepper 0.1028 222 205 281 274
pepper 0.1028 259 187 412 275
pepper 0.1028 160 211 311 308
pepper 0.1028 257 233 312 298
pepper 0.1028 84 303 174 437
pepper 0.0983 22 164 151 409
pepper 0.0969 181 176 274 295
pepper 0.0969 324 179 381 252
pepper 0.0969 350 183 435 319
pepper 0.0969 25 258 78 325
pepper 0.0969 55 255 109 321
pepper 0.0969 354 243 446 379
pepper 0.0969 260 289 340 393
pepper 0.0931 166 199 301 433
pepper 0.0913 357 135 414 198
pepper 0.0913 297 149 447 237
pepper 0.0913 191 209 249 278
pepper 0.0913 59 217 146 347
pepper 0.0913 396 279 447 353
pepper 0.0913 260 328 317 400
pepper 0.0913 121 357 175 436
pepper 0.089 471 1 640 265
pepper 0.0888 1 214 489 480
pepper 0.086 358 156 410 224
pepper 0.086 56 207 110 284
pepper 0.086 54 185 138 307
pepper 0.086 401 215 487 358
pepper 0.0835 187 247 516 363
pepper 0.0835 117 256 319 448
pepper 0.081 119 212 178 270
pepper 0.081 192 233 250 298
pepper 0.081 228 286 277 351
pepper 0.0809 72 264 579 480
pepper 0.079 1 216 110 465
pepper 0.079 534 223 637 480
pepper 0.0762 56 186 110 254
pepper 0.0762 294 185 350 249
pepper 0.0762 104 177 185 287
pepper 0.0762 324 208 381 273
pepper 0.0762 310 210 396 334
pepper 0.0762 457 260 512 323
pepper 0.0762 48 305 197 390
pepper 0.0762 72 327 213 420
pepper 0.0762 191 361 244 424
pepper 0.0762 124 381 179 459
pepper 0.0762 125 404 180 476
pepper 0.0762 119 373 207 480
pepper 0.0755 22 10 320 480
pepper 0.0748 93 326 322 462
pepper 0.074 1 168 262 480
pepper 0.0729 280 1 622 232
pepper 0.0717 349 1 429 114
pepper 0.0717 83 207 140 277
pepper 0.0717 223 229 278 300
pepper 0.0717 1 241 137 329
pepper 0.0717 86 259 142 322
pepper 0.0717 258 261 310 325
pepper 0.0717 270 220 355 346
pepper 0.0717 326 260 380 323
pepper 0.0717 188 228 270 372
pepper 0.0717 92 312 145 379
