pepper 0.916 233 134 354 347
pepper 0.4242 367 37 415 83
pepper 0.3822 428 40 477 88
pepper 0.1659 392 40 447 85
pepper 0.1214 1 93 70 471
pepper 0.0799 351 28 484 95
pepper 0.0789 179 43 435 425
pepper 0.0695 1 182 73 480
pepper 0.0653 1 22 242 444
pepper 0.0612 1 12 78 369
pepper 0.0601 426 52 481 105
pepper 0.0593 249 1 640 201
pepper 0.0579 5 41 308 480
pepper 0.0577 1 164 52 337
pepper 0.0547 288 1 627 177
pepper 0.0538 1 1 112 143
pepper 0.051 362 1 416 40
pepper 0.051 361 15 412 71
pepper 0.051 458 39 508 85
pepper 0.051 1 210 52 388
pepper 0.05 277 1 602 314
pepper 0.0478 402 12 640 313
pepper 0.0469 236 132 337 272
pepper 0.0463 10 1 303 441
pepper 0.0457 227 20 396 351
pepper 0.0443 1 293 91 480
pepper 0.0431 431 1 485 39
pepper 0.0431 1 119 52 288
pepper 0.0417 398 1 640 187
pepper 0.0398 226 118 403 456
pepper 0.0381 1 10 237 323
pepper 0.0381 91 115 333 370
pepper 0.0381 1 261 53 440
pepper 0.0381 1 318 52 480
pepper 0.0365 328 1 386 39
pepper 0.0364 93 1 548 261
pepper 0.0364 1 1 89 235
pepper 0.0364 460 67 640 434
pepper 0.035 291 1 350 37
pepper 0.035 332 41 381 85
pepper 0.0347 1 154 155 480
pepper 0.0335 1 374 57 480
pepper 0.0322 256 1 318 38
pepper 0.0322 324 7 463 80
pepper 0.0322 1 1 55 155
pepper 0.0322 393 53 450 104
pepper 0.0314 22 11 603 463
pepper 0.0308 361 57 414 107
pepper 0.0308 243 109 333 226
pepper 0.0303 40 1 341 307
pepper 0.0303 278 93 599 394
pepper 0.0302 294 80 640 480
pepper 0.0298 521 1 640 139
pepper 0.0295 461 1 517 39
pepper 0.0295 351 17 429 102
pepper 0.0295 258 187 367 363
pepper 0.0295 269 240 364 375
pepper 0.0295 1 415 45 475
pepper 0.0289 470 1 640 363
pepper 0.0271 375 10 520 82
pepper 0.0263 481 124 640 480
pepper 0.026 406 22 486 109
pepper 0.026 296 1 640 390
pepper 0.0252 1 1 184 215
pepper 0.0249 22 1 80 37
pepper 0.0249 374 17 465 107
pepper 0.0245 417 1 640 480
pepper 0.0245 1 122 93 420
pepper 0.0239 2 1 100 116
pepper 0.0239 426 17 480 71
pepper 0.0239 1 42 51 204
pepper 0.0239 584 89 640 256
pepper 0.0229 322 54 640 417
pepper 0.0229 1 1 45 42
pepper 0.0229 224 1 285 37
pepper 0.0229 329 13 381 67
pepper 0.0229 1 1 174 134
pepper 0.0219 54 1 116 37
pepper 0.0219 244 1 332 71
pepper 0.0219 353 42 494 111
pepper 0.0219 21 1 370 218
pepper 0.0219 468 1 640 228
pepper 0.0219 1 1 168 377
pepper 0.0214 1 1 345 261
pepper 0.0214 184 115 345 335
pepper 0.0214 1 69 640 408
pepper 0.021 1 389 43 451
pepper 0.0209 1 100 204 405
pepper 0.0209 265 158 620 480
pepper 0.0201 87 1 149 35
pepper 0.0201 396 1 451 38
pepper 0.0201 1 10 44 71
pepper 0.0201 1 1 169 75
pepper 0.0201 582 313 640 478
pepper 0.0193 409 1 501 74
pepper 0.0193 583 11 640 176
pepper 0.0193 1 210 41 280
pepper 0.0193 1 441 47 480
pepper 0.0187 184 1 449 340
pepper 0.0182 196 1 640 124
