pepper 0.7724 329 156 427 343
pepper 0.3367 301 1 632 404
pepper 0.0916 92 11 571 468
pepper 0.0894 1 1 79 371
pepper 0.0894 1 89 72 462
pepper 0.084 1 1 100 191
pepper 0.078 338 55 547 385
pepper 0.0741 337 109 476 343
pepper 0.0674 232 25 487 431
pepper 0.0652 374 1 548 82
pepper 0.0574 1 1 208 200
pepper 0.0574 1 187 76 480
pepper 0.0572 1 1 171 342
pepper 0.0556 1 1 205 476
pepper 0.0553 401 1 562 57
pepper 0.0538 286 7 555 233
pepper 0.0538 413 1 629 164
pepper 0.0523 1 1 164 254
pepper 0.0523 305 1 599 189
pepper 0.0504 564 139 640 480
pepper 0.05 397 8 640 308
pepper 0.0499 10 1 310 444
pepper 0.0473 1 1 222 146
pepper 0.0469 314 204 414 366
pepper 0.0469 1 293 52 459
pepper 0.0452 4 36 309 480
pepper 0.045 1 1 61 128
pepper 0.045 339 242 430 372
pepper 0.0443 526 1 640 133
pepper 0.0443 1 291 94 480
pepper 0.0417 469 26 640 456
pepper 0.0415 425 1 639 111
pepper 0.0415 332 174 463 387
pepper 0.0414 1 243 52 409
pepper 0.0398 1 1 231 199
pepper 0.0397 1 342 53 480
pepper 0.0381 1 90 52 258
pepper 0.0381 316 149 408 282
pepper 0.0381 353 157 449 304
pepper 0.0381 1 168 52 333
pepper 0.0365 425 5 585 80
pepper 0.0365 577 1 640 119
pepper 0.0364 1 1 339 257
pepper 0.0364 1 1 154 151
pepper 0.0364 20 4 357 300
pepper 0.0364 1 143 156 480
pepper 0.0347 454 1 640 184
pepper 0.0341 12 1 167 183
pepper 0.0332 6 1 373 188
pepper 0.0322 1 38 52 208
pepper 0.0317 235 1 446 345
pepper 0.0309 1 1 236 323
pepper 0.0309 94 1 551 269
pepper 0.0308 2 1 101 125
pepper 0.0298 305 72 429 333
pepper 0.0298 454 171 636 449
pepper 0.0289 239 91 432 401
pepper 0.0283 488 1 549 42
pepper 0.0279 550 1 640 216
pepper 0.0271 22 1 80 39
pepper 0.0271 312 2 476 81
pepper 0.0263 26 92 345 388
pepper 0.0261 369 1 582 118
pepper 0.026 582 15 640 173
pepper 0.026 586 85 640 257
pepper 0.026 1 414 44 475
pepper 0.0253 325 1 640 239
pepper 0.0252 80 164 297 480
pepper 0.0252 356 124 547 480
pepper 0.0249 1 1 45 45
pepper 0.0249 430 1 541 110
pepper 0.0245 1 1 109 270
pepper 0.0245 380 9 548 275
pepper 0.0245 567 8 640 358
pepper 0.0245 1 67 98 361
pepper 0.0245 392 201 552 431
pepper 0.024 220 170 422 480
pepper 0.0239 341 1 507 53
pepper 0.0234 144 1 499 480
pepper 0.0229 458 1 522 43
pepper 0.0229 434 1 538 77
pepper 0.0229 341 1 441 114
pepper 0.0229 583 264 640 432
pepper 0.0229 586 314 640 480
pepper 0.0229 559 246 640 480
pepper 0.0219 197 1 640 127
pepper 0.0219 342 1 547 243
pepper 0.0214 22 1 277 178
pepper 0.0214 60 1 250 252
pepper 0.0214 444 10 617 255
pepper 0.0214 3 63 165 356
pepper 0.021 5 1 97 86
pepper 0.021 359 1 420 40
pepper 0.0201 1 9 44 74
pepper 0.0201 377 1 477 112
pepper 0.0201 374 262 463 387
pepper 0.02 1 61 267 408
pepper 0.02 55 1 244 142
pepper 0.02 501 1 640 166
pepper 0.02 8 272 168 480
