pepper 0.8464 513 168 671 303
pepper 0.6643 291 29 461 178
pepper 0.5474 1 36 157 311
pepper 0.4349 327 69 471 173
pepper 0.4136 4 40 122 161
pepper 0.372 542 1 677 89
pepper 0.3518 281 48 426 155
pepper 0.3206 1 33 116 255
pepper 0.2856 275 37 389 129
pepper 0.2386 510 7 799 301
pepper 0.2054 694 82 792 165
pepper 0.2034 570 5 784 175
pepper 0.1915 364 87 474 183
pepper 0.1866 408 1 759 233
pepper 0.1627 673 13 800 211
pepper 0.1627 703 62 800 303
pepper 0.1532 579 1 800 239
pepper 0.1367 445 154 679 297
pepper 0.1327 556 11 662 117
pepper 0.1184 344 3 458 101
pepper 0.1184 663 1 794 102
pepper 0.1184 1 45 80 144
pepper 0.1178 510 123 800 320
pepper 0.1143 272 20 591 292
pepper 0.1143 1 134 128 320
pepper 0.1096 679 43 797 154
pepper 0.1054 716 92 800 193
pepper 0.1054 541 161 657 261
pepper 0.1011 565 1 800 145
pepper 0.1011 460 51 698 303
pepper 0.0969 290 30 507 244
pepper 0.0937 8 100 129 258
pepper 0.0937 6 197 107 320
pepper 0.09 523 10 647 94
pepper 0.0889 1 139 190 320
pepper 0.0865 367 51 482 151
pepper 0.084 566 1 784 96
pepper 0.0831 377 1 494 72
pepper 0.0799 1 26 73 115
pepper 0.0767 566 5 718 104
pepper 0.0765 1 82 271 320
pepper 0.0741 497 1 800 204
pepper 0.0741 293 60 514 191
pepper 0.0741 533 26 674 256
pepper 0.0741 352 71 509 240
pepper 0.0738 427 12 785 320
pepper 0.0707 731 90 800 136
pepper 0.0707 729 102 800 152
pepper 0.0654 402 1 744 109
pepper 0.0652 303 1 489 54
pepper 0.0626 1 37 56 84
pepper 0.0612 537 1 696 167
pepper 0.0612 343 142 566 314
pepper 0.0577 7 20 108 102
pepper 0.0574 603 3 800 129
pepper 0.0574 504 138 774 293
pepper 0.0553 266 12 374 100
pepper 0.0547 58 1 439 202
pepper 0.0547 24 92 425 320
pepper 0.0538 1 38 268 287
pepper 0.0538 1 1 113 156
pepper 0.0538 663 228 800 320
pepper 0.0537 13 21 379 320
pepper 0.0531 297 10 419 105
pepper 0.0531 1 53 58 101
pepper 0.0531 300 87 495 164
pepper 0.051 327 41 448 127
pepper 0.051 563 191 692 301
pepper 0.0504 250 10 471 138
pepper 0.0504 651 1 800 155
pepper 0.05 283 1 503 164
pepper 0.0489 536 5 744 78
pepper 0.0489 624 1 765 93
pepper 0.0473 1 172 127 320
pepper 0.0469 1 25 55 69
pepper 0.045 422 1 538 74
pepper 0.0436 558 110 800 320
pepper 0.0431 400 1 480 27
pepper 0.0431 707 1 800 95
pepper 0.0431 500 24 679 82
pepper 0.0431 519 149 631 237
pepper 0.0414 26 1 101 28
pepper 0.0414 1 1 76 81
pepper 0.0414 380 33 484 124
pepper 0.0399 21 1 378 303
pepper 0.0397 3 1 117 79
pepper 0.0397 715 52 800 149
pepper 0.0389 310 1 551 121
pepper 0.0381 230 18 518 190
pepper 0.0381 24 27 95 68
pepper 0.0381 557 33 662 171
pepper 0.0364 1 1 117 130
pepper 0.035 1 1 76 57
pepper 0.035 10 1 118 55
pepper 0.035 302 1 422 76
pepper 0.035 27 39 139 134
pepper 0.035 31 60 141 167
pepper 0.035 690 93 797 214
pepper 0.0341 31 1 199 127
pepper 0.0335 1 1 58 29
