pepper 0.7614 130 155 284 304
pepper 0.4881 646 37 800 308
pepper 0.4782 314 78 438 178
pepper 0.449 337 32 506 182
pepper 0.4349 679 29 796 147
pepper 0.4242 118 2 253 91
pepper 0.3131 155 161 276 274
pepper 0.3038 374 39 511 156
pepper 0.2514 336 54 471 160
pepper 0.2147 569 15 797 313
pepper 0.2147 99 9 274 145
pepper 0.2147 675 104 794 320
pepper 0.209 10 6 270 320
pepper 0.1983 9 81 98 175
pepper 0.1926 308 60 470 196
pepper 0.1926 119 180 292 320
pepper 0.1822 3 7 110 219
pepper 0.1822 2 72 105 285
pepper 0.1542 153 8 269 101
pepper 0.1449 16 5 214 172
pepper 0.1413 620 141 800 320
pepper 0.1408 1 1 288 241
pepper 0.1379 380 30 509 106
pepper 0.1356 186 60 583 320
pepper 0.1288 677 13 800 210
pepper 0.1268 23 1 377 302
pepper 0.1214 1 202 112 320
pepper 0.1197 283 33 503 254
pepper 0.1184 409 37 523 121
pepper 0.1139 120 200 261 316
pepper 0.1096 1 1 122 102
pepper 0.1096 682 19 791 106
pepper 0.1096 311 61 420 158
pepper 0.1055 129 145 341 320
pepper 0.1054 1 87 80 198
pepper 0.0951 53 149 250 304
pepper 0.0928 262 28 546 177
pepper 0.09 1 65 80 166
pepper 0.0894 17 1 226 100
pepper 0.0894 344 8 523 144
pepper 0.0889 359 84 760 320
pepper 0.0867 1 94 282 320
pepper 0.084 1 3 144 173
pepper 0.0831 304 1 411 64
pepper 0.0799 4 37 111 166
pepper 0.0767 1 103 64 151
pepper 0.0741 679 1 800 159
pepper 0.0741 630 22 787 194
pepper 0.0737 33 1 177 89
pepper 0.0737 351 37 530 94
pepper 0.0707 86 1 277 66
pepper 0.0695 55 2 734 320
pepper 0.0679 1 1 82 105
pepper 0.0632 522 1 800 240
pepper 0.0626 78 1 216 86
pepper 0.0625 102 41 330 295
pepper 0.0612 1 108 129 294
pepper 0.0612 1 122 106 320
pepper 0.0601 674 80 792 248
pepper 0.0593 1 42 412 320
pepper 0.0579 417 1 784 295
pepper 0.0577 440 38 514 84
pepper 0.0574 1 1 120 118
pepper 0.0574 280 60 509 165
pepper 0.0574 121 29 266 262
pepper 0.0572 69 1 344 239
pepper 0.0553 320 1 402 30
pepper 0.0538 74 3 293 109
pepper 0.0538 13 28 205 249
pepper 0.0531 341 1 453 69
pepper 0.051 357 1 432 27
pepper 0.051 424 14 529 96
pepper 0.051 713 54 800 169
pepper 0.051 148 154 251 242
pepper 0.0504 170 1 372 83
pepper 0.0504 140 1 350 105
pepper 0.0489 713 25 800 115
pepper 0.0478 1 108 220 320
pepper 0.0473 233 1 542 305
pepper 0.0473 683 1 800 136
pepper 0.0469 206 1 316 93
pepper 0.0469 102 174 223 288
pepper 0.045 654 25 770 118
pepper 0.0431 346 26 470 108
pepper 0.0431 1 210 60 319
pepper 0.0429 527 81 800 320
pepper 0.0417 285 1 516 159
pepper 0.0415 506 35 800 282
pepper 0.0415 170 6 357 160
pepper 0.0414 426 1 540 77
pepper 0.0414 415 49 527 164
pepper 0.0409 418 15 787 320
pepper 0.0397 136 28 244 148
pepper 0.0397 9 92 104 212
pepper 0.0397 100 213 228 317
pepper 0.0389 1 29 331 279
pepper 0.0389 612 4 789 144
pepper 0.0381 658 50 765 165
pepper 0.0365 266 1 446 33
pepper 0.0365 266 1 445 49
