pepper 0.7787 273 121 445 383
pepper 0.6176 492 125 672 370
pepper 0.4701 65 144 240 393
pepper 0.2782 155 119 521 386
pepper 0.1225 535 130 648 298
pepper 0.119 34 131 329 393
pepper 0.1037 30 138 212 435
pepper 0.0982 52 78 388 465
pepper 0.0913 554 58 651 187
pepper 0.0816 83 44 616 415
pepper 0.081 95 255 180 409
pepper 0.0767 505 75 689 446
pepper 0.0748 94 122 232 327
pepper 0.0717 127 113 228 266
pepper 0.0717 1 253 46 315
pepper 0.0717 294 189 409 391
pepper 0.0675 91 313 178 446
pepper 0.0675 302 301 389 441
pepper 0.0635 1 1 63 135
pepper 0.0635 1 52 57 182
pepper 0.0635 575 83 639 142
pepper 0.0635 110 268 201 427
pepper 0.062 243 139 700 465
pepper 0.0597 314 264 399 425
pepper 0.0597 497 279 584 418
pepper 0.0597 270 330 361 459
pepper 0.0593 69 245 640 465
pepper 0.0567 1 1 286 311
pepper 0.0567 1 117 435 355
pepper 0.0567 189 158 518 465
pepper 0.0561 323 37 692 451
pepper 0.0561 1 82 45 142
pepper 0.0561 1 225 67 353
pepper 0.0561 567 289 654 418
pepper 0.0561 285 375 343 430
pepper 0.0542 44 1 627 295
pepper 0.0538 1 1 198 266
pepper 0.0534 273 133 604 376
pepper 0.0527 650 155 700 214
pepper 0.0527 1 245 115 323
pepper 0.0527 1 277 49 334
pepper 0.0527 578 329 635 384
pepper 0.0527 317 350 377 408
pepper 0.0527 97 376 156 431
pepper 0.0527 393 377 453 433
pepper 0.0527 380 341 465 464
pepper 0.0518 7 128 653 352
pepper 0.0518 1 110 267 465
pepper 0.0513 1 104 700 365
pepper 0.0504 145 164 337 422
pepper 0.0504 47 174 298 453
pepper 0.0495 1 6 44 68
pepper 0.0495 521 75 683 151
pepper 0.0495 303 133 429 275
pepper 0.0495 135 374 195 430
pepper 0.0491 1 211 531 465
pepper 0.0475 40 10 433 344
pepper 0.0465 1 1 98 76
pepper 0.0465 610 82 672 142
pepper 0.0465 1 101 58 229
pepper 0.0465 506 328 563 386
pepper 0.0465 103 351 159 409
pepper 0.0465 118 339 208 458
pepper 0.0461 4 1 427 265
pepper 0.0461 329 257 677 465
pepper 0.0452 1 1 479 182
pepper 0.0452 426 166 700 465
pepper 0.0452 211 295 700 465
pepper 0.045 605 1 700 312
pepper 0.045 1 151 105 463
pepper 0.045 475 193 695 430
pepper 0.0444 1 2 614 245
pepper 0.0444 227 20 658 340
pepper 0.0438 153 1 546 465
pepper 0.0437 1 75 104 152
pepper 0.0437 652 82 700 143
pepper 0.0437 1 266 110 343
pepper 0.0437 504 212 601 381
pepper 0.0437 132 324 191 387
pepper 0.0437 324 326 378 390
pepper 0.0437 1 355 47 409
pepper 0.0437 134 350 194 409
pepper 0.0432 1 293 490 465
pepper 0.0425 548 115 700 370
pepper 0.0425 251 159 429 434
pepper 0.0425 133 297 341 463
pepper 0.0416 515 1 700 293
pepper 0.0416 354 162 700 310
pepper 0.0411 654 59 700 118
pepper 0.0411 641 57 700 176
pepper 0.0411 1 108 45 169
pepper 0.0411 1 131 44 191
pepper 0.0411 112 133 214 286
pepper 0.0411 590 147 700 224
pepper 0.0411 1 232 46 293
pepper 0.0411 104 298 160 371
pepper 0.0411 335 270 424 421
pepper 0.0411 262 340 419 415
pepper 0.0411 354 352 415 406
pepper 0.0411 577 377 636 432
