pepper 0.8227 249 115 339 222
pepper 0.8199 100 223 217 408
pepper 0.7462 3 119 88 214
pepper 0.6934 512 160 644 390
pepper 0.6507 266 98 359 220
pepper 0.5414 321 49 396 139
root 0.4689 357 111 375 134
pepper 0.4586 91 9 209 117
root 0.4483 305 178 327 212
root 0.4381 303 191 325 219
pepper 0.4077 336 53 394 110
root 0.4077 141 110 163 135
pepper 0.3977 521 36 605 180
root 0.3879 168 352 190 387
root 0.3879 144 386 175 418
pepper 0.3683 231 136 322 228
pepper 0.3683 126 213 215 352
root 0.3683 315 154 336 193
pepper 0.3587 511 143 598 303
pepper 0.3399 266 9 312 51
pepper 0.3399 115 1 235 106
pepper 0.3399 288 70 381 189
root 0.3306 160 368 189 409
pepper 0.3215 297 8 344 51
pepper 0.3125 1 89 95 197
root 0.3125 349 132 366 156
root 0.3037 250 215 271 243
root 0.295 286 195 314 223
pepper 0.2864 331 8 382 57
root 0.2864 167 83 201 111
root 0.278 557 348 586 392
root 0.2698 132 83 176 116
root 0.2698 120 112 144 136
root 0.2698 150 370 179 413
pepper 0.2538 13 108 84 188
root 0.2538 346 82 387 122
pepper 0.2384 302 1 348 37
root 0.2384 247 197 280 232
root 0.2384 162 355 179 391
pepper 0.2309 105 6 262 76
root 0.2309 140 126 162 157
root 0.2309 557 362 586 403
root 0.2309 161 388 194 418
pepper 0.2272 18 2 210 132
pepper 0.2236 269 1 317 38
root 0.2236 167 330 193 372
pepper 0.2165 513 67 593 206
pepper 0.2165 539 224 641 394
root 0.2165 164 64 203 101
root 0.2165 177 307 200 349
root 0.2165 580 361 619 405
root 0.2096 36 172 65 205
pepper 0.2028 239 9 285 53
pepper 0.2028 400 7 448 54
pepper 0.2028 517 187 616 369
pepper 0.1961 336 1 382 37
pepper 0.1961 570 7 629 60
pepper 0.1961 21 108 115 202
pepper 0.1961 1 121 58 241
pepper 0.1961 85 264 189 395
pepper 0.1897 402 1 454 40
pepper 0.1897 370 10 422 57
root 0.1897 202 65 233 96
pepper 0.1834 346 82 387 122
root 0.1834 526 284 545 317
pepper 0.1801 88 267 224 420
pepper 0.1773 607 9 650 58
root 0.1773 320 132 343 165
pepper 0.1723 494 180 650 420
pepper 0.1717 1 282 99 420
pepper 0.1713 372 1 422 38
pepper 0.1713 70 8 230 81
root 0.1713 526 305 550 345
pepper 0.1655 145 1 290 65
pepper 0.1655 13 98 79 159
pepper 0.1598 563 14 639 115
pepper 0.1598 553 27 630 132
root 0.1598 175 43 205 78
pepper 0.1543 238 1 285 39
root 0.1543 116 127 138 157
pepper 0.149 271 165 323 221
root 0.149 286 211 309 238
pepper 0.1482 94 184 227 365
pepper 0.1472 321 90 650 420
pepper 0.1438 366 60 407 98
pepper 0.1438 231 105 311 212
pepper 0.1438 22 134 81 199
pepper 0.1438 124 203 187 263
root 0.1438 371 86 403 113
root 0.1438 553 131 577 161
root 0.1438 576 345 616 397
pepper 0.1388 203 8 244 55
root 0.1388 120 57 187 105
pepper 0.1341 67 1 251 116
pepper 0.1339 199 1 248 37
pepper 0.1339 176 1 260 80
pepper 0.1339 343 35 417 127
root 0.1339 212 43 237 71
root 0.1339 173 104 201 132
root 0.1339 5 192 24 229
