pepper 0.986 245 73 440 375
pepper 0.1156 286 89 397 254
pepper 0.0717 311 182 414 336
pepper 0.0675 304 21 388 158
pepper 0.06 20 41 632 430
pepper 0.0566 425 284 640 480
pepper 0.0565 10 1 167 253
pepper 0.0565 139 318 331 479
pepper 0.0561 314 91 408 218
pepper 0.0561 304 144 410 379
pepper 0.0527 222 181 309 302
pepper 0.0511 315 263 640 414
pepper 0.0481 1 107 640 375
pepper 0.0481 145 1 500 480
pepper 0.0476 95 23 234 266
pepper 0.0476 76 151 223 408
pepper 0.0476 4 212 175 480
pepper 0.0461 294 273 607 480
pepper 0.0461 478 203 640 480
pepper 0.0452 1 303 439 480
pepper 0.0452 1 111 236 480
pepper 0.0452 289 209 640 480
pepper 0.045 477 78 627 362
pepper 0.045 558 137 638 480
pepper 0.045 533 280 640 480
pepper 0.045 557 239 640 480
pepper 0.0437 272 32 417 110
pepper 0.0437 233 211 282 272
pepper 0.0432 179 157 473 480
pepper 0.0425 13 47 156 384
pepper 0.0425 1 114 76 441
pepper 0.0425 385 325 581 465
pepper 0.0415 1 211 482 480
pepper 0.0413 196 304 640 480
pepper 0.0413 408 116 640 480
pepper 0.0411 1 1 52 139
pepper 0.0411 325 33 380 100
pepper 0.0411 322 228 422 367
pepper 0.0401 26 256 150 480
pepper 0.0401 26 8 329 450
pepper 0.0395 323 168 640 319
pepper 0.0395 48 281 358 480
pepper 0.0394 1 1 243 322
pepper 0.0385 145 1 228 118
pepper 0.0385 286 139 388 338
pepper 0.0379 328 187 592 394
pepper 0.0379 1 251 77 480
pepper 0.0379 72 346 363 467
pepper 0.0376 1 1 383 210
pepper 0.0376 235 116 640 356
pepper 0.0375 466 1 640 235
pepper 0.0375 324 73 640 223
pepper 0.0375 1 263 198 480
pepper 0.0375 220 332 637 480
pepper 0.0375 343 197 547 480
pepper 0.0375 337 355 640 480
pepper 0.0362 229 190 278 250
pepper 0.036 307 75 640 404
pepper 0.0358 1 1 100 248
pepper 0.0358 174 146 321 362
pepper 0.0358 1 218 99 480
pepper 0.0358 45 237 274 462
pepper 0.0358 72 325 251 479
pepper 0.0356 488 103 640 480
pepper 0.0356 202 243 451 480
pepper 0.0343 256 1 640 212
pepper 0.0343 62 254 577 480
pepper 0.034 171 1 253 89
pepper 0.034 1 7 39 70
pepper 0.034 1 78 52 214
pepper 0.034 560 264 616 319
pepper 0.034 222 414 278 473
pepper 0.0339 221 138 640 480
pepper 0.0338 483 1 640 355
pepper 0.0338 1 338 392 480
pepper 0.0337 288 1 420 236
pepper 0.0337 534 1 640 199
pepper 0.0337 544 126 640 397
pepper 0.0337 287 246 415 480
pepper 0.0337 15 405 352 480
pepper 0.032 318 1 640 126
pepper 0.0319 1 1 90 77
pepper 0.0319 260 86 405 203
pepper 0.0319 214 379 292 480
pepper 0.0318 1 1 78 186
pepper 0.0318 569 1 640 318
pepper 0.0318 1 80 101 349
pepper 0.0318 562 31 640 419
pepper 0.0318 130 218 365 457
pepper 0.0318 443 250 640 445
pepper 0.0318 1 322 176 480
pepper 0.0318 157 280 295 480
pepper 0.0316 214 29 597 352
pepper 0.0313 1 226 302 480
pepper 0.0304 1 1 163 263
pepper 0.0304 96 195 298 480
pepper 0.0301 1 35 118 212
pepper 0.0301 1 7 73 342
pepper 0.0301 147 143 394 355
pepper 0.0301 74 299 386 426
