pepper 0.8276 676 75 1139 817
pepper 0.7346 95 343 372 785
pepper 0.1828 747 195 1075 863
pepper 0.1656 790 166 1159 716
pepper 0.1248 20 274 377 849
pepper 0.1225 185 334 364 617
pepper 0.1225 189 386 367 710
pepper 0.119 731 318 1200 900
pepper 0.1156 772 709 943 900
pepper 0.1048 704 1 1200 610
pepper 0.1028 230 375 398 624
pepper 0.0969 805 324 1004 648
pepper 0.0969 159 527 340 811
pepper 0.0969 806 772 904 898
pepper 0.0969 816 726 976 900
pepper 0.0913 823 214 1019 564
pepper 0.0913 768 499 928 810
pepper 0.0913 854 764 959 900
pepper 0.0882 678 425 1117 900
pepper 0.0835 546 62 775 563
pepper 0.081 939 161 1136 425
pepper 0.081 712 757 1000 900
pepper 0.0806 658 1 1062 550
pepper 0.079 425 87 661 536
pepper 0.0774 1 1 441 694
pepper 0.0767 548 1 1148 411
pepper 0.0748 977 1 1200 382
pepper 0.0717 864 191 1066 499
pepper 0.0707 149 245 395 730
pepper 0.0694 325 1 877 355
pepper 0.0678 1 1 582 483
pepper 0.0678 1 305 458 900
pepper 0.0675 705 1 880 287
pepper 0.0675 730 439 897 717
pepper 0.0659 77 1 653 364
pepper 0.0635 924 771 1023 894
pepper 0.0632 1005 37 1200 570
pepper 0.0632 61 209 338 746
pepper 0.062 271 1 970 493
pepper 0.06 359 14 1093 872
pepper 0.0598 1 344 249 783
pepper 0.0597 562 1 726 266
pepper 0.0597 756 1 920 291
pepper 0.0597 995 46 1176 389
pepper 0.0597 1049 442 1152 549
pepper 0.0597 779 368 958 711
pepper 0.0596 1 1 859 237
pepper 0.0596 161 1 565 508
pepper 0.0596 411 1 803 517
pepper 0.058 473 271 1200 900
pepper 0.0567 588 1 1200 537
pepper 0.0566 134 1 1096 238
pepper 0.0566 391 1 1200 243
pepper 0.0566 880 1 1200 538
pepper 0.0565 756 402 1020 900
pepper 0.0561 519 1 669 301
pepper 0.0561 652 192 800 475
pepper 0.0561 228 381 323 533
pepper 0.0561 1059 394 1156 504
pepper 0.0561 1018 307 1183 556
pepper 0.0561 158 311 337 683
pepper 0.0561 850 384 1040 669
pepper 0.0561 804 588 966 852
pepper 0.0561 1120 775 1200 886
pepper 0.0561 807 814 907 900
pepper 0.0561 862 817 960 900
pepper 0.0534 499 1 794 373
pepper 0.0534 1 164 190 709
pepper 0.0534 677 217 990 755
pepper 0.0534 1 483 215 900
pepper 0.0527 593 200 743 485
pepper 0.0527 107 330 276 624
pepper 0.0527 170 415 431 585
pepper 0.0527 688 499 786 608
pepper 0.0527 807 721 902 851
pepper 0.0527 857 722 957 847
pepper 0.0527 1 778 80 890
pepper 0.0527 748 819 844 900
pepper 0.0527 737 754 895 900
pepper 0.0511 780 497 1200 900
pepper 0.0504 418 1 666 374
pepper 0.0495 648 1 808 282
pepper 0.0495 287 429 389 567
pepper 0.0495 1123 438 1200 556
pepper 0.0495 287 475 388 617
pepper 0.0495 1 717 100 900
pepper 0.0495 42 772 141 890
pepper 0.0486 1 473 378 900
pepper 0.0476 886 1 1165 423
pepper 0.0476 235 352 474 745
pepper 0.0476 992 301 1200 806
pepper 0.0476 157 452 407 877
pepper 0.0473 1 1 1200 358
pepper 0.0473 342 1 852 680
pepper 0.0465 778 165 961 492
pepper 0.0465 669 255 823 538
pepper 0.0465 743 251 901 568
pepper 0.0465 125 370 401 561
pepper 0.0465 230 424 325 579
pepper 0.0465 658 439 825 648
