pepper 0.9625 276 20 744 571
pepper 0.1156 392 244 576 545
pepper 0.1156 208 356 385 605
pepper 0.0913 507 322 681 548
pepper 0.086 992 115 1092 223
pepper 0.086 455 402 749 554
pepper 0.0835 991 14 1200 452
pepper 0.081 964 51 1117 297
pepper 0.081 564 400 740 652
pepper 0.0806 64 1 784 623
pepper 0.0745 164 20 978 729
pepper 0.0717 993 156 1089 273
pepper 0.0717 167 404 442 566
pepper 0.0717 259 364 431 573
pepper 0.0717 442 333 612 569
pepper 0.0717 551 435 659 555
pepper 0.0675 1122 253 1200 368
pepper 0.0675 550 385 650 517
pepper 0.0675 398 316 548 579
pepper 0.0669 192 307 464 777
pepper 0.0648 1 331 492 900
pepper 0.0635 540 365 710 580
pepper 0.0635 176 450 275 554
pepper 0.0635 241 438 337 557
pepper 0.0632 199 389 438 900
pepper 0.0627 896 60 1200 830
pepper 0.0597 910 99 1176 234
pepper 0.0597 1057 207 1158 319
pepper 0.0597 1101 209 1200 431
pepper 0.0597 335 299 499 537
pepper 0.0597 1 608 101 881
pepper 0.0593 1 572 827 900
pepper 0.0567 774 1 1200 667
pepper 0.0567 355 150 833 900
pepper 0.0565 1049 11 1200 605
pepper 0.0561 1052 161 1158 266
pepper 0.0561 167 381 322 622
pepper 0.0561 299 435 400 555
pepper 0.0561 482 434 589 558
pepper 0.0561 398 388 659 551
pepper 0.0561 546 486 641 597
pepper 0.0561 203 559 353 804
pepper 0.0538 1 528 453 900
pepper 0.0538 75 528 661 900
pepper 0.0527 1028 140 1183 364
pepper 0.0527 597 483 709 597
pepper 0.0527 171 537 268 650
pepper 0.0525 358 25 1133 602
pepper 0.0518 1 1 544 586
pepper 0.0511 186 360 543 900
pepper 0.0504 1 1 189 290
pepper 0.0495 968 141 1120 365
pepper 0.0495 1122 205 1200 326
pepper 0.0495 1032 242 1200 381
pepper 0.0495 424 434 520 559
pepper 0.0495 498 456 773 610
pepper 0.0495 499 1 1200 383
pepper 0.0486 898 386 1200 900
pepper 0.0476 134 675 472 900
pepper 0.0476 620 757 1200 900
pepper 0.0467 1 202 1200 710
pepper 0.0465 627 1 798 238
pepper 0.0465 907 137 1181 286
pepper 0.0465 971 182 1200 333
pepper 0.0465 1127 299 1200 409
pepper 0.0465 235 361 505 523
pepper 0.0465 371 395 464 512
pepper 0.0465 303 350 556 516
pepper 0.0465 1 424 99 673
pepper 0.0452 633 1 1200 475
pepper 0.0452 1 571 1200 900
pepper 0.0452 162 392 981 900
pepper 0.0452 748 318 1200 900
pepper 0.045 1015 239 1200 740
pepper 0.045 1047 343 1198 900
pepper 0.045 150 766 740 900
pepper 0.0438 191 147 534 844
pepper 0.0438 1 636 732 900
pepper 0.0437 1119 111 1200 230
pepper 0.0437 1051 260 1159 363
pepper 0.0437 433 188 610 568
pepper 0.0437 305 401 408 514
pepper 0.0437 236 487 334 601
pepper 0.0437 527 391 673 601
pepper 0.0437 1 542 82 653
pepper 0.0437 158 456 301 696
pepper 0.0437 201 452 360 679
pepper 0.0437 276 720 420 900
pepper 0.0437 1120 777 1200 882
pepper 0.0429 42 22 634 844
pepper 0.0425 60 356 366 775
pepper 0.0413 1 1 761 426
pepper 0.0411 475 1 667 261
pepper 0.0411 1117 160 1200 272
pepper 0.0411 992 209 1091 315
pepper 0.0411 1027 206 1183 423
pepper 0.0411 163 445 435 604
pepper 0.0411 1 824 79 900
pepper 0.0401 906 67 1189 545
pepper 0.0401 888 508 1185 900
