pepper 0.8274 84 1 381 425
pepper 0.0832 21 20 329 480
pepper 0.0831 83 1 173 123
pepper 0.079 55 12 513 459
pepper 0.0747 482 31 640 476
pepper 0.0601 1 292 50 464
pepper 0.0601 1 342 52 480
pepper 0.0538 124 79 341 418
pepper 0.0538 554 141 640 480
pepper 0.0531 99 6 216 169
pepper 0.0531 260 383 312 438
pepper 0.0478 47 1 371 263
pepper 0.0469 139 237 242 407
pepper 0.0463 1 1 441 371
pepper 0.0458 140 1 436 315
pepper 0.045 1 195 50 357
pepper 0.045 1 243 50 411
pepper 0.0443 1 54 76 399
pepper 0.0443 1 150 70 480
pepper 0.0415 476 151 635 480
pepper 0.0414 582 315 640 480
pepper 0.0397 1 37 49 211
pepper 0.0381 78 10 179 169
pepper 0.0381 260 272 362 427
pepper 0.035 1 1 53 124
pepper 0.035 303 288 393 431
pepper 0.035 240 305 328 442
pepper 0.0341 71 126 310 408
pepper 0.0335 1 147 50 307
pepper 0.0332 1 28 174 435
pepper 0.0322 231 7 325 202
pepper 0.0322 293 383 349 440
pepper 0.0319 1 1 93 176
pepper 0.0319 564 43 640 395
pepper 0.0317 422 166 640 480
pepper 0.0308 208 302 300 440
pepper 0.0308 1 413 44 477
pepper 0.0303 273 168 620 480
pepper 0.0295 74 1 167 80
pepper 0.0295 201 1 303 164
pepper 0.0295 137 295 230 443
pepper 0.0295 322 439 387 480
pepper 0.0289 173 69 395 447
pepper 0.0283 584 65 640 228
pepper 0.0283 1 87 50 257
pepper 0.0271 103 1 200 88
pepper 0.0271 583 11 640 177
pepper 0.0271 1 386 41 456
pepper 0.0261 527 228 640 480
pepper 0.0261 1 304 90 480
pepper 0.026 262 208 365 404
pepper 0.026 273 313 360 447
pepper 0.026 580 367 640 480
pepper 0.0256 142 1 490 480
pepper 0.0253 328 1 633 430
pepper 0.0252 458 1 640 322
pepper 0.0252 1 71 226 388
pepper 0.0249 585 116 640 276
pepper 0.0249 281 353 360 473
pepper 0.0249 1 394 61 480
pepper 0.0245 353 65 640 408
pepper 0.0245 519 1 640 145
pepper 0.0245 88 2 296 299
pepper 0.0245 1 171 221 418
pepper 0.024 464 1 640 207
pepper 0.024 291 1 608 305
pepper 0.0239 90 1 151 46
pepper 0.0237 1 1 258 303
pepper 0.0229 291 80 610 400
pepper 0.0229 1 137 172 480
pepper 0.0229 325 384 381 441
pepper 0.0229 1 440 46 480
pepper 0.0229 355 440 421 480
pepper 0.0229 1 1 82 293
pepper 0.0229 163 7 365 335
pepper 0.0229 322 31 629 480
pepper 0.0219 120 1 245 157
pepper 0.0219 1 261 41 329
pepper 0.0219 1 311 41 380
pepper 0.0219 116 259 209 415
pepper 0.0214 557 1 640 295
pepper 0.0214 532 128 640 410
pepper 0.0214 1 256 79 480
pepper 0.021 1 336 40 407
pepper 0.021 160 269 271 418
pepper 0.021 289 441 355 480
pepper 0.0209 461 246 640 480
pepper 0.0201 233 1 324 130
pepper 0.0201 1 236 41 303
pepper 0.0201 1 286 41 355
pepper 0.0201 250 346 322 465
pepper 0.0201 258 413 316 465
pepper 0.0201 86 443 150 480
pepper 0.0201 122 443 184 480
pepper 0.02 262 13 406 281
pepper 0.0194 1 1 328 265
pepper 0.0193 122 1 182 47
pepper 0.0193 579 1 640 122
pepper 0.0193 1 360 41 431
pepper 0.0193 290 361 349 418
