pepper 0.8846 348 144 650 672
pepper 0.1714 388 141 585 412
pepper 0.1217 1 3 177 651
pepper 0.109 423 238 603 548
pepper 0.109 404 408 569 671
pepper 0.109 423 531 527 648
pepper 0.0913 364 136 645 312
pepper 0.0913 439 461 608 682
pepper 0.0882 27 91 279 580
pepper 0.086 363 542 462 649
pepper 0.086 352 501 610 647
pepper 0.086 483 525 588 646
pepper 0.0845 321 81 750 777
pepper 0.081 349 477 505 726
pepper 0.0768 150 30 944 894
pepper 0.0762 433 87 609 366
pepper 0.0762 427 362 603 639
pepper 0.0762 429 486 523 611
pepper 0.0748 257 204 676 751
pepper 0.0717 279 208 445 465
pepper 0.0717 239 347 336 458
pepper 0.0717 548 492 651 601
pepper 0.0717 547 532 650 644
pepper 0.0678 354 157 829 900
pepper 0.0675 735 212 839 314
pepper 0.0675 364 587 461 691
pepper 0.0635 779 287 928 534
pepper 0.0635 309 525 570 662
pepper 0.0635 422 579 521 691
pepper 0.0632 969 1 1200 379
pepper 0.0632 32 271 315 846
pepper 0.062 31 29 600 900
pepper 0.0598 425 479 651 900
pepper 0.0597 373 172 630 357
pepper 0.0597 474 165 646 386
pepper 0.0597 300 258 399 373
pepper 0.0597 350 177 530 458
pepper 0.0597 80 255 229 513
pepper 0.0597 479 204 652 477
pepper 0.0597 106 342 202 461
pepper 0.0597 803 354 907 456
pepper 0.0597 400 482 555 718
pepper 0.0596 363 474 829 900
pepper 0.0593 1 572 1200 900
pepper 0.0593 168 380 992 900
pepper 0.0567 1 318 493 900
pepper 0.0567 775 211 1200 900
pepper 0.0566 915 96 1200 840
pepper 0.0566 522 130 1141 900
pepper 0.0565 161 174 468 573
pepper 0.0565 998 420 1200 894
pepper 0.0563 1 199 1200 703
pepper 0.0561 1 415 870 900
pepper 0.0561 399 42 566 298
pepper 0.0561 429 115 524 244
pepper 0.0561 474 142 581 295
pepper 0.0561 300 213 400 330
pepper 0.0561 109 301 206 416
pepper 0.0561 215 266 369 502
pepper 0.0561 110 392 208 501
pepper 0.0561 486 429 584 563
pepper 0.0561 512 458 665 665
pepper 0.0561 544 583 646 689
pepper 0.0538 1 82 281 808
pepper 0.0534 1023 1 1200 491
pepper 0.0534 9 388 207 900
pepper 0.0529 8 88 1180 801
pepper 0.0527 353 116 526 379
pepper 0.0527 1055 160 1154 262
pepper 0.0527 478 183 584 344
pepper 0.0527 701 157 854 384
pepper 0.0527 51 298 143 425
pepper 0.0527 27 246 181 529
pepper 0.0527 176 300 270 417
pepper 0.0527 301 297 404 417
pepper 0.0527 235 396 335 502
pepper 0.0527 799 397 905 504
pepper 0.0527 371 491 463 604
pepper 0.0527 366 463 622 614
pepper 0.0511 83 507 676 900
pepper 0.0511 566 516 1145 900
pepper 0.0504 182 216 506 713
pepper 0.0504 836 420 1195 874
pepper 0.0495 429 70 524 193
pepper 0.0495 1051 112 1157 220
pepper 0.0495 930 163 1030 267
pepper 0.0495 1122 156 1200 273
pepper 0.0495 237 297 330 419
pepper 0.0495 304 348 398 461
pepper 0.0495 542 441 646 558
pepper 0.0495 489 396 655 640
pepper 0.0495 1056 447 1156 554
pepper 0.0495 301 588 396 695
pepper 0.0495 1 17 434 792
pepper 0.0486 892 1 1200 434
pepper 0.0486 604 132 1200 418
pepper 0.0476 686 182 910 610
pepper 0.0473 1 1 459 584
pepper 0.0473 1 570 830 900
pepper 0.0473 365 572 1200 900
