pepper 0.9726 233 2 508 298
pepper 0.1714 437 208 530 345
pepper 0.1225 461 260 514 319
pepper 0.109 408 243 561 323
pepper 0.0768 119 1 547 379
pepper 0.0762 398 154 488 279
pepper 0.0717 404 174 502 301
pepper 0.0678 175 169 475 480
pepper 0.0675 287 1 390 135
pepper 0.0675 23 86 76 145
pepper 0.0675 376 193 529 278
pepper 0.0635 36 53 120 179
pepper 0.0635 284 180 368 310
pepper 0.0635 1 325 54 465
pepper 0.0632 462 172 618 425
pepper 0.062 1 1 305 234
pepper 0.06 1 214 484 480
pepper 0.06 20 19 338 476
pepper 0.0593 1 1 448 184
pepper 0.0561 259 8 614 366
pepper 0.0561 247 1 342 109
pepper 0.0561 54 84 109 143
pepper 0.0561 261 235 313 294
pepper 0.0561 1 365 44 421
pepper 0.0534 11 1 164 210
pepper 0.0534 1 165 82 467
pepper 0.0534 229 273 356 480
pepper 0.0534 210 402 542 480
pepper 0.0527 12 63 91 186
pepper 0.0525 22 3 404 342
pepper 0.0518 60 260 585 480
pepper 0.0511 467 1 640 231
pepper 0.0511 477 1 640 356
pepper 0.0511 11 277 357 480
pepper 0.0504 1 1 85 191
pepper 0.0504 1 1 82 282
pepper 0.0504 8 27 153 292
pepper 0.0504 326 203 640 319
pepper 0.0504 417 211 533 468
pepper 0.0504 1 259 78 480
pepper 0.0495 325 1 420 134
pepper 0.0495 1 80 121 152
pepper 0.0495 1 111 42 172
pepper 0.0495 428 203 481 271
pepper 0.0495 429 187 519 313
pepper 0.0495 254 184 338 322
pepper 0.0486 318 74 640 222
pepper 0.0486 1 54 146 452
pepper 0.0486 1 287 234 480
pepper 0.0476 556 102 640 429
pepper 0.0476 540 324 640 480
pepper 0.0473 1 1 222 342
pepper 0.0473 240 1 640 209
pepper 0.0473 1 304 435 480
pepper 0.0473 1 111 233 480
pepper 0.0465 302 5 410 156
pepper 0.0465 1 116 57 277
pepper 0.0465 1 174 57 323
pepper 0.0465 297 234 346 294
pepper 0.0461 85 1 345 231
pepper 0.0459 1 1 554 251
pepper 0.0452 349 1 632 314
pepper 0.045 559 181 639 480
pepper 0.0438 1 250 425 418
pepper 0.0438 481 103 635 480
pepper 0.0438 329 253 574 480
pepper 0.0437 597 1 640 46
pepper 0.0437 314 85 417 301
pepper 0.0437 425 182 478 254
pepper 0.0437 462 193 549 333
pepper 0.0437 295 261 346 318
pepper 0.0432 104 1 582 242
pepper 0.0425 93 1 234 154
pepper 0.0425 1 122 94 392
pepper 0.0425 1 273 103 480
pepper 0.0425 122 346 447 464
pepper 0.0425 1 404 273 480
pepper 0.0416 1 203 164 480
pepper 0.0416 95 199 293 480
pepper 0.0411 1 135 41 198
pepper 0.0411 1 132 84 259
pepper 0.0411 364 171 517 260
pepper 0.0411 459 226 512 300
pepper 0.0411 429 260 480 320
pepper 0.0411 412 320 494 452
pepper 0.0411 599 412 640 473
pepper 0.0401 1 1 109 205
pepper 0.0401 44 260 275 461
pepper 0.0401 537 235 640 480
pepper 0.0401 154 279 286 480
pepper 0.0401 69 401 409 480
pepper 0.0395 320 1 640 124
pepper 0.0395 315 167 640 318
pepper 0.0395 1 338 392 480
pepper 0.0395 222 336 640 480
pepper 0.0394 196 304 640 480
pepper 0.0385 315 158 399 300
pepper 0.0385 1 354 92 431
pepper 0.0379 558 1 640 350
pepper 0.0379 125 315 310 480
