pepper 0.8659 94 44 303 350
root 0.8227 442 265 471 318
pepper 0.7714 391 4 638 314
root 0.6963 199 294 222 348
root 0.2617 196 295 216 344
root 0.2165 194 308 216 352
root 0.1961 438 273 468 331
root 0.1388 439 252 475 307
pepper 0.0926 13 25 275 409
pepper 0.0804 139 31 445 415
root 0.0796 200 275 227 338
pepper 0.0632 324 1 640 360
root 0.0632 223 312 266 359
root 0.052 224 299 264 347
pepper 0.0465 479 83 640 480
root 0.0462 188 274 215 331
root 0.0462 428 243 483 329
pepper 0.0455 5 1 334 380
pepper 0.0448 85 108 305 433
root 0.0426 199 331 234 379
root 0.041 495 265 538 313
pepper 0.04 459 1 640 282
root 0.0394 457 268 496 314
pepper 0.039 1 1 113 147
pepper 0.0385 281 128 622 474
pepper 0.0378 1 10 44 187
pepper 0.0364 382 142 488 293
pepper 0.0364 409 141 519 301
pepper 0.0364 185 211 281 350
root 0.0364 617 242 639 292
pepper 0.0359 338 25 627 480
pepper 0.035 28 11 563 453
root 0.0349 419 265 456 321
pepper 0.0348 1 1 89 233
pepper 0.0348 1 111 84 425
pepper 0.0344 1 85 242 377
pepper 0.0335 1 1 269 318
pepper 0.0326 10 28 303 480
pepper 0.0322 1 1 47 129
root 0.0322 494 246 536 293
root 0.0322 226 279 261 324
pepper 0.0319 1 1 236 320
pepper 0.0319 149 148 490 471
pepper 0.031 105 37 205 184
root 0.031 413 202 498 320
root 0.031 420 282 453 335
pepper 0.0307 411 135 640 468
pepper 0.0297 150 273 301 351
root 0.0297 617 265 640 320
root 0.0297 179 253 243 355
root 0.0297 620 288 640 348
root 0.0297 259 316 302 359
pepper 0.0297 148 1 477 317
pepper 0.0274 575 1 640 146
pepper 0.0274 414 18 507 167
pepper 0.0274 1 60 43 238
root 0.0274 232 252 261 294
pepper 0.0274 362 1 566 267
root 0.0264 614 219 640 265
root 0.0264 619 312 640 378
root 0.0264 612 387 640 456
pepper 0.0264 387 1 640 231
pepper 0.0262 1 288 109 480
pepper 0.0262 1 310 90 480
pepper 0.0253 1 290 40 466
root 0.0253 602 1 640 37
root 0.0253 141 294 178 343
root 0.0253 257 293 302 339
root 0.0253 180 335 212 380
pepper 0.0248 402 138 640 480
pepper 0.0248 1 21 85 331
pepper 0.0244 304 1 619 228
pepper 0.0243 391 191 482 327
root 0.0243 1 1 37 41
root 0.0243 173 218 252 350
root 0.0243 434 307 466 355
pepper 0.0233 106 190 217 333
root 0.0233 138 270 178 319
pepper 0.0226 1 132 173 477
pepper 0.0224 228 222 324 355
pepper 0.0224 1 241 41 414
pepper 0.0224 192 252 284 367
root 0.0224 177 174 205 215
root 0.0224 413 246 456 299
root 0.0224 461 251 500 299
root 0.0224 260 272 302 315
pepper 0.0215 190 276 349 349
root 0.0215 374 194 412 238
root 0.0215 409 141 519 301
root 0.0215 203 250 231 316
root 0.0215 224 336 269 384
root 0.0215 605 445 640 480
pepper 0.0214 1 1 340 272
pepper 0.0209 93 1 294 283
pepper 0.0209 1 183 107 437
pepper 0.0209 548 310 640 480
pepper 0.0207 102 60 211 236
pepper 0.0207 1 192 43 364
root 0.0198 261 218 301 265
root 0.0198 106 216 210 345
