pepper 0.8718 538 181 769 556
pepper 0.8081 1 255 359 779
pepper 0.2112 1001 244 1200 690
pepper 0.2012 1035 351 1200 612
pepper 0.181 527 273 708 535
pepper 0.1452 559 174 753 433
pepper 0.1225 7 248 224 598
pepper 0.1156 978 453 1200 608
pepper 0.1156 1062 398 1200 646
pepper 0.1156 141 547 297 768
pepper 0.1154 1 210 308 662
pepper 0.1135 491 162 1053 668
pepper 0.109 1057 483 1160 604
pepper 0.1028 1071 276 1200 563
pepper 0.1028 1058 436 1163 563
pepper 0.1028 990 412 1200 574
pepper 0.1028 1027 424 1197 669
pepper 0.0931 906 30 1189 667
pepper 0.0841 4 70 1200 790
pepper 0.081 184 455 352 697
pepper 0.0762 557 385 653 512
pepper 0.0762 26 342 216 662
pepper 0.0762 227 526 328 649
pepper 0.0762 1116 529 1200 648
pepper 0.0762 172 622 272 753
pepper 0.0717 1117 429 1200 562
pepper 0.0717 1113 480 1200 600
pepper 0.0717 1056 532 1160 647
pepper 0.07 1 200 1200 704
pepper 0.0675 518 190 774 365
pepper 0.0675 1113 383 1200 519
pepper 0.0675 1008 367 1200 533
pepper 0.0659 1 189 503 746
pepper 0.0638 282 1 931 900
pepper 0.0635 1084 193 1200 485
pepper 0.0635 491 349 765 515
pepper 0.0635 1062 386 1157 532
pepper 0.0635 968 498 1200 652
pepper 0.0627 521 116 1170 893
pepper 0.062 417 272 1200 900
pepper 0.06 1 410 878 900
pepper 0.0598 766 318 1040 682
pepper 0.0597 1048 268 1192 517
pepper 0.0597 568 318 733 565
pepper 0.0597 126 498 388 659
pepper 0.0597 71 601 337 749
pepper 0.0567 1 304 467 900
pepper 0.0567 173 373 988 900
pepper 0.0561 399 24 1158 632
pepper 0.0561 110 464 1200 900
pepper 0.0561 571 5 737 315
pepper 0.0561 542 128 713 392
pepper 0.0561 612 162 713 295
pepper 0.0561 608 194 707 344
pepper 0.0561 250 407 403 641
pepper 0.0561 137 446 299 718
pepper 0.0543 10 53 617 889
pepper 0.0542 1 562 1200 900
pepper 0.0534 485 135 844 535
pepper 0.0534 1039 368 1200 900
pepper 0.0527 1065 345 1157 478
pepper 0.0527 1117 337 1200 470
pepper 0.0527 231 478 326 608
pepper 0.0527 1121 577 1200 698
pepper 0.0504 503 243 807 780
pepper 0.0495 610 127 768 381
pepper 0.0495 142 455 400 618
pepper 0.0495 979 411 1141 610
pepper 0.0495 1088 502 1200 759
pepper 0.0495 342 150 852 900
pepper 0.0486 916 151 1191 864
pepper 0.0476 1 1 168 507
pepper 0.0476 30 444 325 900
pepper 0.0465 509 222 780 419
pepper 0.0465 1116 291 1200 425
pepper 0.0465 602 302 769 555
pepper 0.0465 176 381 340 628
pepper 0.0465 186 428 451 580
pepper 0.0465 229 568 326 711
pepper 0.0461 321 515 907 900
pepper 0.0452 1 1 458 620
pepper 0.045 995 1 1200 444
pepper 0.045 1036 1 1200 671
pepper 0.045 704 280 1154 656
pepper 0.045 1 393 361 709
pepper 0.045 784 426 1075 892
pepper 0.045 1 424 193 900
pepper 0.0444 1 5 1028 471
pepper 0.0444 1 30 791 658
pepper 0.0438 1 1 318 570
pepper 0.0437 559 203 655 342
pepper 0.0437 758 169 908 399
pepper 0.0437 612 226 710 393
pepper 0.0437 487 209 660 497
pepper 0.0437 563 339 653 481
pepper 0.0437 229 431 328 569
pepper 0.0437 174 571 263 707
pepper 0.0437 415 582 521 697
pepper 0.0437 380 522 533 783
pepper 0.0437 105 533 266 820
