pepper 0.9185 625 1 1045 703
pepper 0.916 43 1 440 454
pepper 0.2054 1100 1 1200 208
pepper 0.1772 721 1 1189 656
pepper 0.1367 1 1 529 465
pepper 0.1157 629 18 1178 900
pepper 0.1148 383 98 972 701
pepper 0.1096 1090 1 1200 169
pepper 0.0937 18 1 199 291
pepper 0.09 1110 1 1200 154
pepper 0.0894 396 271 742 695
pepper 0.084 1040 1 1200 355
pepper 0.0831 1105 40 1200 307
pepper 0.0679 292 122 471 412
pepper 0.0653 1 11 449 744
pepper 0.0601 58 1 272 280
pepper 0.0574 840 18 1129 524
pepper 0.0574 1 556 184 900
pepper 0.0547 710 125 1200 705
pepper 0.0538 1041 27 1200 627
pepper 0.0531 764 17 957 315
pepper 0.051 1 561 94 870
pepper 0.0504 637 1 958 548
pepper 0.0489 1037 1 1190 265
pepper 0.0489 225 125 440 439
pepper 0.0489 1 645 102 900
pepper 0.0431 547 784 653 885
pepper 0.043 509 1 1200 673
pepper 0.0415 337 1 916 587
pepper 0.0415 868 1 1165 287
pepper 0.0415 988 257 1200 726
pepper 0.0414 1113 51 1200 198
pepper 0.0414 544 824 660 900
pepper 0.0397 42 1 156 81
pepper 0.0389 121 1 569 394
pepper 0.0381 865 12 1059 290
pepper 0.0381 809 31 1000 342
pepper 0.0365 322 8 480 303
pepper 0.0364 1 1 302 444
pepper 0.035 1 1 115 231
pepper 0.035 1119 100 1200 242
pepper 0.035 277 189 489 463
pepper 0.035 1 478 90 771
pepper 0.0347 894 1 1200 480
pepper 0.0341 484 38 949 579
pepper 0.0335 17 1 182 149
pepper 0.0334 6 69 589 900
pepper 0.0322 577 1 739 216
pepper 0.0298 1 1 176 329
pepper 0.0298 409 1 662 279
pepper 0.0298 1004 20 1200 457
pepper 0.0295 1109 1 1200 100
pepper 0.0295 895 466 1062 758
pepper 0.0289 159 35 535 725
pepper 0.0283 879 384 1062 685
pepper 0.028 1 1 631 720
pepper 0.0279 338 196 753 594
pepper 0.0271 100 1 213 83
pepper 0.0271 1033 1 1194 157
pepper 0.0271 527 1 679 225
pepper 0.0271 1121 152 1200 279
pepper 0.0263 765 30 1200 580
pepper 0.0263 33 280 717 900
pepper 0.0261 194 85 518 466
pepper 0.0261 324 114 711 515
pepper 0.0261 415 172 676 641
pepper 0.026 588 71 744 367
pepper 0.026 1 384 86 661
pepper 0.0252 549 157 1141 788
pepper 0.0249 170 64 397 410
pepper 0.0245 104 25 1102 877
pepper 0.0239 944 436 1125 708
pepper 0.0239 1 588 75 712
pepper 0.0229 50 105 665 694
pepper 0.0229 69 1 241 153
pepper 0.0229 545 5 880 489
pepper 0.0219 241 5 434 344
pepper 0.0219 168 242 494 430
pepper 0.0219 1 445 75 567
pepper 0.0219 1 543 74 665
pepper 0.0219 1 634 76 761
pepper 0.0219 1100 656 1200 900
pepper 0.0219 515 733 671 900
pepper 0.0214 778 1 1200 438
pepper 0.0214 812 201 1126 700
pepper 0.021 643 194 828 514
pepper 0.021 1 726 81 851
pepper 0.021 741 726 841 825
pepper 0.021 1119 726 1200 840
pepper 0.0201 1 1 238 101
pepper 0.0201 947 3 1120 260
pepper 0.0201 187 298 503 458
pepper 0.0201 794 363 1018 678
pepper 0.0201 1 775 86 891
pepper 0.02 763 1 1031 355
pepper 0.02 393 1 690 356
pepper 0.02 1024 318 1200 824
pepper 0.0194 1 1 792 358
pepper 0.0193 389 1 556 219
pepper 0.0193 364 175 537 424
