pepper 0.9346 300 116 795 804
pepper 0.6941 1 218 255 795
pepper 0.2433 3 434 212 780
pepper 0.1431 1 182 105 486
pepper 0.1431 1 216 170 569
pepper 0.1278 1 97 100 376
pepper 0.1251 4 90 363 834
pepper 0.1096 1 201 86 332
pepper 0.1054 1 1 111 317
pepper 0.1012 1 3 147 570
pepper 0.1012 1 86 158 750
pepper 0.0974 1 165 85 294
pepper 0.084 358 1 833 702
pepper 0.084 308 124 768 565
pepper 0.0737 1110 777 1200 889
pepper 0.0707 1108 573 1200 841
pepper 0.0695 1 1 165 383
pepper 0.0679 1118 722 1200 842
pepper 0.0665 101 28 1044 860
pepper 0.0652 1053 1 1200 690
pepper 0.0626 1049 821 1170 900
pepper 0.0625 1 22 291 766
pepper 0.0577 1108 822 1200 900
pepper 0.0553 1111 463 1200 752
pepper 0.0551 34 1 592 827
pepper 0.0531 1123 627 1200 758
pepper 0.0531 1101 670 1200 900
pepper 0.0523 517 16 1105 600
pepper 0.051 1 246 112 575
pepper 0.051 1121 674 1200 804
pepper 0.0489 3 1 165 302
pepper 0.0489 324 63 511 322
pepper 0.0489 1123 580 1200 710
pepper 0.0487 542 1 1196 742
pepper 0.0473 37 480 296 900
pepper 0.0469 1 472 150 777
pepper 0.045 2 174 142 422
pepper 0.045 1 778 82 892
pepper 0.0436 1 1 302 534
pepper 0.0431 791 826 917 900
pepper 0.0419 22 81 590 900
pepper 0.0417 116 42 728 649
pepper 0.0417 750 19 1200 586
pepper 0.0415 15 16 320 535
pepper 0.0415 329 179 662 779
pepper 0.0397 351 827 474 900
pepper 0.0389 613 106 897 599
pepper 0.0389 1 511 220 900
pepper 0.0381 563 117 757 382
pepper 0.0381 1 827 88 900
pepper 0.0381 288 826 412 900
pepper 0.037 602 55 1184 900
pepper 0.0365 730 825 855 900
pepper 0.0365 854 825 980 900
pepper 0.0364 611 40 937 477
pepper 0.0364 988 1 1200 518
pepper 0.035 1 240 86 383
pepper 0.035 534 500 747 807
pepper 0.035 1060 722 1161 830
pepper 0.035 544 827 661 900
pepper 0.0332 857 1 1200 437
pepper 0.0332 84 245 746 851
pepper 0.0322 4 105 145 368
pepper 0.0322 629 132 797 421
pepper 0.0322 1101 358 1200 667
pepper 0.0322 1 724 85 834
pepper 0.0322 224 826 347 900
pepper 0.0322 982 825 1105 900
pepper 0.0322 1086 760 1200 900
pepper 0.0309 1 123 494 791
pepper 0.0308 1091 20 1200 333
pepper 0.0308 319 134 518 412
pepper 0.0308 428 484 652 800
pepper 0.0308 1 559 122 831
pepper 0.0303 504 164 1042 761
pepper 0.0298 863 1 1200 520
pepper 0.0298 57 295 459 762
pepper 0.0295 284 41 437 309
pepper 0.0295 286 134 441 405
pepper 0.0295 382 542 574 823
pepper 0.0295 1 707 103 900
pepper 0.0295 1056 776 1164 879
pepper 0.0295 917 825 1043 900
pepper 0.0295 1026 766 1192 900
pepper 0.0283 21 204 130 325
pepper 0.0283 365 143 592 422
pepper 0.0283 39 381 243 729
pepper 0.0283 415 827 537 900
pepper 0.0283 669 825 793 900
pepper 0.0276 905 42 1200 822
pepper 0.0271 1124 531 1200 665
pepper 0.0271 37 830 155 900
pepper 0.0271 482 827 603 900
pepper 0.027 775 1 1200 900
pepper 0.0262 269 1 926 900
pepper 0.0261 972 1 1200 288
pepper 0.026 1 109 81 244
pepper 0.0253 368 227 831 900
pepper 0.0249 330 319 505 655
pepper 0.0249 101 829 223 900
