pepper 0.99 352 77 787 728
pepper 0.0969 504 382 691 678
pepper 0.0913 738 10 832 134
pepper 0.0913 674 493 777 597
pepper 0.0913 633 464 806 679
pepper 0.0913 525 486 681 728
pepper 0.086 708 1 867 213
pepper 0.081 561 475 850 619
pepper 0.081 566 507 857 656
pepper 0.0792 1 203 1200 707
pepper 0.0762 647 4 936 151
pepper 0.0748 427 287 679 816
pepper 0.0717 571 458 743 702
pepper 0.0717 676 531 781 644
pepper 0.07 132 19 973 798
pepper 0.0675 105 12 203 131
pepper 0.0675 652 1 811 239
pepper 0.0675 439 74 666 419
pepper 0.0675 476 552 632 780
pepper 0.0635 9 5 270 150
pepper 0.0635 176 9 269 136
pepper 0.0635 146 1 298 209
pepper 0.0635 107 115 203 225
pepper 0.0635 614 522 716 646
pepper 0.0635 558 578 652 701
pepper 0.0597 67 1 225 204
pepper 0.0597 440 1 621 253
pepper 0.0597 792 8 891 134
pepper 0.0597 997 15 1089 134
pepper 0.0597 978 1 1128 209
pepper 0.0597 1059 11 1154 132
pepper 0.0581 273 1 922 900
pepper 0.0566 552 517 1131 900
pepper 0.0565 1 1 170 364
pepper 0.0561 1026 1 1177 203
pepper 0.0561 682 63 777 181
pepper 0.0561 421 66 611 336
pepper 0.0561 488 242 677 634
pepper 0.0561 469 319 650 598
pepper 0.0561 687 480 849 699
pepper 0.0561 729 578 834 699
pepper 0.0561 495 634 588 747
pepper 0.0538 909 69 1200 848
pepper 0.0534 104 23 578 286
pepper 0.0534 1006 331 1200 824
pepper 0.0527 1 14 79 144
pepper 0.0527 44 18 137 139
pepper 0.0527 82 1 349 150
pepper 0.0527 51 55 145 181
pepper 0.0527 706 135 872 376
pepper 0.0527 565 432 840 578
pepper 0.0527 553 477 650 611
pepper 0.0527 480 553 732 700
pepper 0.0511 374 456 832 900
pepper 0.0504 985 1 1200 349
pepper 0.0504 1054 76 1200 754
pepper 0.0504 8 196 272 721
pepper 0.0504 1045 257 1200 900
pepper 0.0495 297 13 394 137
pepper 0.0495 403 1 570 247
pepper 0.0495 758 1 915 203
pepper 0.0495 928 15 1025 131
pepper 0.0495 1087 1 1200 205
pepper 0.0495 1 65 79 182
pepper 0.0495 587 43 867 193
pepper 0.0495 741 59 835 175
pepper 0.0495 935 62 1030 175
pepper 0.0495 94 45 241 278
pepper 0.0495 1 1 841 351
pepper 0.0495 1 568 820 900
pepper 0.0486 1 98 322 782
pepper 0.0486 418 627 1190 900
pepper 0.0476 722 1 1084 241
pepper 0.0476 665 17 1139 254
pepper 0.0476 26 49 319 549
pepper 0.0473 1 317 492 900
pepper 0.0465 177 1 269 89
pepper 0.0465 236 1 329 92
pepper 0.0465 745 1 838 92
pepper 0.0465 1055 1 1147 88
pepper 0.0465 238 11 332 136
pepper 0.0465 372 7 659 183
pepper 0.0465 1119 8 1200 131
pepper 0.0465 1016 3 1200 152
pepper 0.0465 22 1 174 232
pepper 0.0465 105 213 211 315
pepper 0.0465 544 358 725 622
pepper 0.0465 631 397 797 641
pepper 0.0465 1 451 102 736
pepper 0.0465 506 583 590 692
pepper 0.0465 603 571 704 700
pepper 0.0465 673 578 776 694
pepper 0.0465 1 728 99 900
pepper 0.0461 644 383 1029 900
pepper 0.0461 803 531 1200 900
pepper 0.0452 771 214 1200 900
pepper 0.045 44 1 334 325
pepper 0.045 918 1 1155 334
pepper 0.045 6 1 159 515
pepper 0.045 1030 1 1194 566
