pepper 0.9111 1 1 499 596
pepper 0.8803 596 69 986 623
pepper 0.1268 579 1 1188 728
pepper 0.1211 5 33 591 900
pepper 0.1079 1 1 739 635
pepper 0.0969 409 16 935 600
pepper 0.0937 727 88 938 320
pepper 0.0895 713 49 1195 778
pepper 0.0851 643 184 1024 862
pepper 0.084 1 2 260 456
pepper 0.0831 343 304 536 566
pepper 0.0824 84 12 1105 858
pepper 0.0695 1031 1 1200 340
pepper 0.0679 1 1 122 296
pepper 0.0652 187 5 369 305
pepper 0.0652 288 276 501 577
pepper 0.0632 748 1 1200 639
pepper 0.0598 24 1 646 463
pepper 0.0593 620 60 1190 900
pepper 0.0553 1100 31 1200 327
pepper 0.0553 721 298 954 615
pepper 0.0531 5 3 187 313
pepper 0.0521 300 65 983 721
pepper 0.051 677 93 962 266
pepper 0.051 378 389 545 656
pepper 0.0504 398 369 688 780
pepper 0.0489 374 213 526 520
pepper 0.0469 597 95 766 376
pepper 0.045 784 310 1001 619
pepper 0.0443 1 1 174 330
pepper 0.0415 613 96 946 446
pepper 0.0414 45 5 256 281
pepper 0.0414 1101 126 1200 418
pepper 0.0414 325 431 490 701
pepper 0.0397 315 358 494 638
pepper 0.0397 1 660 90 900
pepper 0.0381 793 103 968 354
pepper 0.0381 819 201 983 542
pepper 0.0381 1103 319 1200 606
pepper 0.0381 865 344 1048 632
pepper 0.0381 1 558 89 859
pepper 0.0364 1050 1 1200 442
pepper 0.0364 1 1 350 485
pepper 0.0359 1 110 1200 766
pepper 0.035 692 336 904 636
pepper 0.0347 1 1 457 425
pepper 0.0341 864 1 1177 259
pepper 0.0335 1090 1 1200 222
pepper 0.0335 635 91 844 347
pepper 0.0319 687 161 1007 639
pepper 0.0308 116 1 321 279
pepper 0.0308 756 50 939 269
pepper 0.0303 863 1 1200 390
pepper 0.0295 677 109 900 380
pepper 0.0295 604 153 769 452
pepper 0.0295 68 258 257 532
pepper 0.0295 182 390 534 564
pepper 0.0295 818 429 998 688
pepper 0.0295 886 438 1054 695
pepper 0.0295 1 725 76 854
pepper 0.0295 1 1 913 474
pepper 0.0289 649 1 1015 512
pepper 0.0283 309 163 492 538
pepper 0.0283 271 359 573 534
pepper 0.0279 210 69 499 594
pepper 0.0271 1102 217 1200 511
pepper 0.0271 116 328 318 621
pepper 0.0271 1100 417 1200 698
pepper 0.0271 1096 525 1200 792
pepper 0.027 320 1 874 561
pepper 0.0261 1 70 215 670
pepper 0.0261 620 282 951 675
pepper 0.0249 1 679 75 807
pepper 0.0249 1 774 80 894
pepper 0.0249 1 826 86 900
pepper 0.0245 860 1 1168 352
pepper 0.0239 436 362 602 616
pepper 0.0239 446 415 609 670
pepper 0.0239 749 405 948 685
pepper 0.0229 1 1 118 174
pepper 0.0229 39 1 152 82
pepper 0.0229 824 26 978 256
pepper 0.0229 1 451 100 758
pepper 0.0229 1 631 75 758
pepper 0.0229 1 49 323 518
pepper 0.0229 108 101 576 589
pepper 0.0229 1060 140 1200 710
pepper 0.0221 600 1 1200 506
pepper 0.0219 10 1 177 165
pepper 0.0219 1 586 77 705
pepper 0.0219 171 183 533 900
pepper 0.0214 1 414 632 900
pepper 0.021 251 9 416 316
pepper 0.021 880 273 1046 553
pepper 0.021 634 248 861 596
pepper 0.021 954 459 1114 711
pepper 0.021 1117 587 1200 702
pepper 0.021 1098 614 1200 882
pepper 0.0209 848 1 1200 595
pepper 0.0201 1 361 102 667
