pepper 0.7106 267 201 480 546
pepper 0.4111 618 151 855 589
pepper 0.174 204 129 476 585
pepper 0.1452 631 174 798 482
pepper 0.0913 627 275 790 580
pepper 0.0835 279 165 789 556
pepper 0.0762 1 138 101 398
pepper 0.0675 896 32 1044 252
pepper 0.0675 1 207 81 315
pepper 0.0675 305 161 474 481
pepper 0.0641 410 30 1188 653
pepper 0.0635 1118 11 1200 131
pepper 0.0635 580 149 833 319
pepper 0.0627 1 1 460 641
pepper 0.062 292 391 1200 900
pepper 0.062 770 208 1200 900
pepper 0.06 463 288 1200 900
pepper 0.0597 864 66 965 180
pepper 0.0597 844 21 993 248
pepper 0.0597 924 66 1026 177
pepper 0.0597 1120 155 1200 267
pepper 0.0597 674 149 837 404
pepper 0.0596 880 1 1200 421
pepper 0.0596 592 1 1200 234
pepper 0.0565 713 1 1093 335
pepper 0.0565 654 1 1145 404
pepper 0.0565 839 1 1200 308
pepper 0.0546 229 56 1046 890
pepper 0.0543 605 52 1173 896
pepper 0.0538 798 530 1200 900
pepper 0.0534 1 1 163 347
pepper 0.0534 1034 1 1200 345
pepper 0.0534 631 259 1125 672
pepper 0.0527 993 1 1094 84
pepper 0.0527 1 16 82 129
pepper 0.0527 1012 5 1200 149
pepper 0.0527 1084 1 1200 199
pepper 0.0527 784 54 1054 196
pepper 0.0527 632 108 798 363
pepper 0.0527 794 108 900 223
pepper 0.0527 903 73 1055 310
pepper 0.0527 1100 92 1200 333
pepper 0.0527 671 186 768 341
pepper 0.0525 1 459 1039 898
pepper 0.0518 1 565 1200 900
pepper 0.0518 364 141 849 900
pepper 0.0518 557 399 1200 900
pepper 0.0513 1 197 1200 703
pepper 0.0511 799 1 1200 348
pepper 0.0504 995 1 1200 267
pepper 0.0504 638 122 1048 548
pepper 0.0504 442 406 667 896
pepper 0.0495 992 62 1088 178
pepper 0.0495 670 149 772 294
pepper 0.0495 792 159 899 273
pepper 0.0495 1 188 168 332
pepper 0.0495 266 1 872 632
pepper 0.0495 636 1 1200 480
pepper 0.0495 504 1 1200 393
pepper 0.0495 765 1 1200 676
pepper 0.0495 1 326 483 900
pepper 0.0495 181 378 992 900
pepper 0.0495 364 570 1200 900
pepper 0.0486 591 495 1200 778
pepper 0.0476 612 21 1193 232
pepper 0.0476 49 501 288 900
pepper 0.0476 735 614 1087 898
pepper 0.0465 618 118 715 235
pepper 0.0465 604 77 763 342
pepper 0.0465 772 59 926 278
pepper 0.0465 1118 107 1200 226
pepper 0.0465 669 230 764 386
pepper 0.0465 1058 257 1156 364
pepper 0.0465 1123 250 1200 367
pepper 0.0465 1120 297 1200 416
pepper 0.0452 1 570 820 900
pepper 0.045 274 94 524 622
pepper 0.045 289 384 573 861
pepper 0.045 894 391 1189 900
pepper 0.045 1016 611 1200 900
pepper 0.0444 1 279 769 900
pepper 0.0438 600 132 1200 416
pepper 0.0438 338 520 907 900
pepper 0.0438 564 515 1136 900
pepper 0.0437 925 1 1025 86
pepper 0.0437 962 1 1108 148
pepper 0.0437 1 1 117 211
pepper 0.0437 704 99 987 232
pepper 0.0437 586 219 832 406
pepper 0.0437 1123 345 1200 463
pepper 0.0425 25 26 348 555
pepper 0.0425 591 71 805 608
pepper 0.0425 1054 1 1200 546
pepper 0.0425 49 187 321 772
pepper 0.0425 1 599 327 891
pepper 0.0425 597 567 1001 900
pepper 0.0415 170 2 1200 478
pepper 0.0415 37 6 591 849
pepper 0.0411 232 1 334 82
pepper 0.0411 898 1 1041 154
