pepper 0.916 249 146 571 564
pepper 0.9106 674 210 1013 596
pepper 0.1542 1 503 112 800
pepper 0.1184 295 817 410 900
pepper 0.0982 740 94 1200 773
pepper 0.0937 1 1 103 289
pepper 0.0894 1 1 167 337
pepper 0.0815 362 42 882 797
pepper 0.0767 1 584 84 720
pepper 0.0747 646 178 1027 895
pepper 0.0737 4 1 182 224
pepper 0.0737 258 170 483 498
pepper 0.0695 1 225 139 840
pepper 0.0679 7 538 153 834
pepper 0.0626 251 159 531 315
pepper 0.0626 1 628 86 756
pepper 0.0626 297 786 403 889
pepper 0.0601 1 571 117 884
pepper 0.0577 70 1 241 212
pepper 0.0577 740 226 962 504
pepper 0.0572 1 1 422 551
pepper 0.0556 1 1 494 560
pepper 0.0556 1 44 452 799
pepper 0.051 254 152 460 359
pepper 0.051 332 238 573 556
pepper 0.051 1 403 102 751
pepper 0.051 165 823 279 900
pepper 0.0489 356 166 546 470
pepper 0.0489 229 824 343 900
pepper 0.0469 1 1 119 185
pepper 0.0469 667 224 836 515
pepper 0.0458 708 1 1200 569
pepper 0.0457 306 189 885 648
pepper 0.045 1 159 82 277
pepper 0.0431 687 280 904 593
pepper 0.043 10 74 587 900
pepper 0.0429 322 1 890 565
pepper 0.0414 1 87 96 344
pepper 0.0414 221 169 411 418
pepper 0.0399 39 1 567 826
pepper 0.0398 617 125 1081 586
pepper 0.0397 714 211 995 360
pepper 0.0389 1 1 164 506
pepper 0.0381 259 21 841 549
pepper 0.0381 19 35 161 307
pepper 0.0381 104 825 219 900
pepper 0.0364 10 1 323 266
pepper 0.0361 630 1 1184 808
pepper 0.035 167 65 274 170
pepper 0.035 1 109 82 237
pepper 0.035 272 768 431 900
pepper 0.0341 1 386 134 900
pepper 0.0341 1 554 168 900
pepper 0.0335 409 261 588 538
pepper 0.0335 1 677 88 798
pepper 0.0335 262 769 555 896
pepper 0.0335 351 821 471 900
pepper 0.0332 180 1 563 495
pepper 0.0332 870 304 1200 900
pepper 0.0322 1 207 81 322
pepper 0.0322 433 196 592 486
pepper 0.0319 1 1 223 236
pepper 0.0318 623 59 1190 900
pepper 0.0317 1 147 314 766
pepper 0.0317 191 198 539 900
pepper 0.0308 865 298 1035 592
pepper 0.0308 1 540 80 671
pepper 0.0308 1 681 110 900
pepper 0.0298 969 1 1200 273
pepper 0.0295 39 1 151 80
pepper 0.0283 315 100 495 318
pepper 0.0283 264 800 575 900
pepper 0.0279 545 204 952 605
pepper 0.0271 368 130 542 359
pepper 0.0263 1 1 334 624
pepper 0.026 172 114 274 217
pepper 0.026 702 203 904 424
pepper 0.026 786 298 1018 618
pepper 0.0252 849 1 1200 468
pepper 0.0249 882 444 1054 673
pepper 0.0249 172 784 272 880
pepper 0.0245 1 274 181 774
pepper 0.024 853 1 1200 627
pepper 0.0239 1 1 250 157
pepper 0.0239 147 8 296 228
pepper 0.0239 1102 126 1200 416
pepper 0.0229 41 11 1169 885
pepper 0.0229 150 409 1036 900
pepper 0.0229 1 12 83 145
pepper 0.0229 752 208 957 416
pepper 0.0229 12 401 162 749
pepper 0.0229 15 624 169 900
pepper 0.0229 235 785 336 879
pepper 0.0229 423 819 539 900
pepper 0.0229 866 377 1169 758
pepper 0.0219 382 64 550 304
pepper 0.0219 38 158 141 270
pepper 0.0219 194 1 1010 900
pepper 0.0219 76 1 685 419
pepper 0.0219 769 222 1200 664
