pepper 0.922 85 2 323 405
pepper 0.7488 439 1 637 363
pepper 0.1105 23 27 316 480
pepper 0.0894 1 97 81 411
pepper 0.084 471 10 640 298
pepper 0.0737 582 233 640 392
pepper 0.0696 1 1 270 322
pepper 0.0652 579 184 640 344
pepper 0.0626 433 178 549 342
pepper 0.0612 1 19 83 337
pepper 0.0601 76 5 175 148
pepper 0.0553 1 113 47 281
pepper 0.0553 534 165 640 336
pepper 0.0538 128 2 391 441
pepper 0.0538 1 1 90 180
pepper 0.0531 527 4 639 160
pepper 0.0531 597 384 640 449
pepper 0.0531 588 350 640 480
pepper 0.051 578 134 640 304
pepper 0.0504 473 1 620 214
pepper 0.05 373 68 626 356
pepper 0.0473 385 1 640 302
pepper 0.0469 193 1 297 159
pepper 0.0443 152 1 452 316
pepper 0.0415 1 177 105 440
pepper 0.0414 1 166 53 324
pepper 0.0398 471 94 640 450
pepper 0.0397 565 2 640 153
pepper 0.0397 593 413 640 473
pepper 0.0381 1 1 52 127
pepper 0.0381 1 294 51 452
pepper 0.0381 587 293 640 450
pepper 0.0381 592 439 640 480
pepper 0.037 344 1 629 432
pepper 0.0365 97 4 215 161
pepper 0.0365 158 1 273 151
pepper 0.0365 421 195 516 348
pepper 0.035 1 65 47 233
pepper 0.0341 507 1 640 247
pepper 0.0335 558 439 623 480
pepper 0.0332 52 1 349 285
pepper 0.0322 1 342 54 480
pepper 0.0319 1 198 82 480
pepper 0.0317 1 1 230 303
pepper 0.0308 1 20 48 179
pepper 0.0308 1 362 43 426
pepper 0.0303 1 32 174 408
pepper 0.0295 540 217 638 381
pepper 0.0295 298 272 400 411
pepper 0.0295 578 403 640 480
pepper 0.0283 129 3 297 91
pepper 0.0283 508 1 608 127
pepper 0.0283 9 314 91 470
pepper 0.0279 562 211 640 480
pepper 0.0279 1 295 95 480
pepper 0.0274 32 10 579 470
pepper 0.0271 75 194 168 329
pepper 0.0271 1 338 42 403
pepper 0.0271 549 377 635 480
pepper 0.026 4 167 100 322
pepper 0.026 454 164 581 341
pepper 0.026 598 359 640 428
pepper 0.026 523 439 590 480
pepper 0.0253 332 19 629 480
pepper 0.0249 475 35 578 214
pepper 0.0249 36 189 137 323
pepper 0.0247 1 1 397 352
pepper 0.0239 449 1 539 156
pepper 0.0239 481 2 579 157
pepper 0.0239 1 184 43 255
pepper 0.0239 257 261 367 409
pepper 0.0239 1 387 44 450
pepper 0.0229 287 1 616 232
pepper 0.0229 8 1 97 118
pepper 0.0229 45 1 132 120
pepper 0.0229 502 17 616 183
pepper 0.0229 1 210 44 277
pepper 0.0229 219 250 333 403
pepper 0.0229 490 440 556 480
pepper 0.0229 339 1 497 135
pepper 0.0219 41 1 129 80
pepper 0.0219 443 130 547 315
pepper 0.0219 1 212 55 375
pepper 0.0219 552 314 635 461
pepper 0.0219 154 441 219 480
pepper 0.0219 456 441 522 480
pepper 0.0219 115 136 451 445
pepper 0.0214 28 104 188 369
pepper 0.0214 459 112 627 369
pepper 0.021 207 1 299 87
pepper 0.021 226 1 324 152
pepper 0.021 593 208 640 280
pepper 0.021 409 260 574 344
pepper 0.021 561 413 621 469
pepper 0.021 544 405 638 480
pepper 0.0201 131 1 238 130
pepper 0.0201 511 378 600 480
pepper 0.02 1 1 122 126
pepper 0.02 25 1 159 176
pepper 0.02 132 1 306 179
