pepper 0.9346 350 14 579 301
pepper 0.7398 1 55 184 356
pepper 0.1675 365 1 638 308
pepper 0.0982 1 1 226 317
pepper 0.0923 355 40 640 365
pepper 0.0714 1 87 160 452
pepper 0.0707 1 70 63 223
pepper 0.0695 1 246 83 480
pepper 0.0652 1 69 112 230
pepper 0.0612 198 22 491 423
pepper 0.0553 338 136 450 298
pepper 0.0531 6 52 105 183
pepper 0.0469 458 12 565 144
pepper 0.0469 1 131 61 308
pepper 0.0443 531 1 640 138
pepper 0.0431 102 258 195 394
pepper 0.0431 7 279 86 438
pepper 0.043 267 1 640 324
pepper 0.043 333 22 637 480
pepper 0.0397 319 105 411 271
pepper 0.0397 127 218 218 346
pepper 0.0389 1 319 109 480
pepper 0.0381 17 98 273 359
pepper 0.0381 68 1 162 114
pepper 0.0381 23 65 132 202
pepper 0.0381 94 224 197 362
pepper 0.0365 36 15 132 145
pepper 0.0365 362 116 490 298
pepper 0.0365 5 166 112 344
pepper 0.035 404 26 571 117
pepper 0.035 1 264 53 417
pepper 0.0341 192 1 489 294
pepper 0.0335 407 11 561 94
pepper 0.0335 1 36 66 179
pepper 0.0326 5 39 307 480
pepper 0.0322 348 60 450 242
pepper 0.0322 88 179 196 339
pepper 0.0317 19 14 291 316
pepper 0.0314 46 12 574 463
pepper 0.0308 435 9 541 128
pepper 0.0308 4 18 104 153
pepper 0.0308 64 42 153 167
pepper 0.0303 470 1 640 239
pepper 0.0303 344 80 564 480
pepper 0.0298 556 60 640 393
pepper 0.0298 12 279 164 480
pepper 0.0295 1 57 152 141
pepper 0.0295 24 79 139 282
pepper 0.0295 1 171 71 343
pepper 0.0295 583 239 640 407
pepper 0.0289 448 21 640 412
pepper 0.0283 141 276 227 408
pepper 0.028 1 45 259 378
pepper 0.0273 18 1 304 441
pepper 0.0271 460 29 565 211
pepper 0.0271 6 90 108 296
pepper 0.0271 313 161 415 301
pepper 0.0271 1 312 42 377
pepper 0.026 383 1 473 127
pepper 0.026 394 150 502 315
pepper 0.026 583 287 640 459
pepper 0.0249 405 8 508 126
pepper 0.0249 427 23 550 181
pepper 0.0249 134 166 220 315
pepper 0.0249 67 254 168 389
pepper 0.0245 26 1 157 215
pepper 0.0239 54 72 155 237
pepper 0.0239 319 64 398 238
pepper 0.0239 1 230 60 378
pepper 0.0239 1 311 49 479
pepper 0.0229 18 148 365 480
pepper 0.0229 584 116 640 273
pepper 0.0229 584 189 640 356
pepper 0.0229 1 1 101 202
pepper 0.0214 18 12 156 271
pepper 0.0214 415 26 594 265
pepper 0.021 580 1 640 117
pepper 0.0201 1 6 61 148
pepper 0.02 548 1 640 202
pepper 0.02 143 1 494 480
pepper 0.0199 17 1 366 203
pepper 0.0193 102 116 191 306
pepper 0.0193 421 138 531 300
pepper 0.0193 11 230 204 332
pepper 0.0193 90 251 237 327
pepper 0.0193 61 260 230 345
pepper 0.0187 1 42 129 292
pepper 0.0185 584 19 640 170
pepper 0.0185 1 73 155 166
pepper 0.0185 585 68 640 221
pepper 0.0185 136 123 221 284
pepper 0.0185 388 91 512 289
pepper 0.0185 146 261 207 321
pepper 0.0181 81 221 551 480
pepper 0.0177 5 5 164 84
pepper 0.0177 503 1 596 116
pepper 0.0177 1 105 47 178
pepper 0.0177 1 284 46 345
pepper 0.0177 32 292 207 371
pepper 0.0175 466 1 622 139
