pepper 0.916 409 1 635 282
pepper 0.8633 30 1 229 296
pepper 0.0767 573 1 640 147
pepper 0.0718 1 1 263 272
pepper 0.0593 372 29 640 344
pepper 0.0574 158 16 471 440
pepper 0.0574 351 23 581 271
pepper 0.0538 233 112 458 323
pepper 0.051 528 1 636 161
pepper 0.05 319 1 629 229
pepper 0.0489 549 208 634 353
pepper 0.0473 75 64 291 299
pepper 0.0469 38 1 145 147
pepper 0.0469 1 324 49 480
pepper 0.0443 553 129 640 457
pepper 0.0436 481 87 640 480
pepper 0.043 313 1 640 383
pepper 0.0415 486 21 640 279
pepper 0.0414 412 3 508 150
pepper 0.0399 4 35 309 480
pepper 0.0397 1 274 47 438
pepper 0.0381 1 12 188 363
pepper 0.0364 1 1 109 142
pepper 0.035 1 225 46 380
pepper 0.035 581 221 640 360
pepper 0.0347 151 141 506 480
pepper 0.0335 501 3 612 171
pepper 0.0335 413 68 518 249
pepper 0.0335 96 109 210 293
pepper 0.0334 4 1 330 388
pepper 0.0326 331 21 638 480
pepper 0.0322 15 1 104 149
pepper 0.0321 37 9 615 461
pepper 0.0319 241 56 472 280
pepper 0.0317 251 129 616 480
pepper 0.0309 171 1 483 299
pepper 0.0308 1 372 57 480
pepper 0.0295 127 5 222 148
pepper 0.0295 532 113 636 286
pepper 0.0289 406 1 640 235
pepper 0.0289 1 35 241 341
pepper 0.0283 1 1 60 123
pepper 0.0283 435 5 550 159
pepper 0.0283 200 187 296 321
pepper 0.0283 575 183 640 335
pepper 0.0273 254 1 640 314
pepper 0.0271 93 1 202 157
pepper 0.0271 1 236 40 304
pepper 0.0271 597 285 640 346
pepper 0.0261 542 97 640 375
pepper 0.026 58 4 176 156
pepper 0.026 127 54 221 253
pepper 0.026 1 89 53 251
pepper 0.026 574 113 640 269
pepper 0.0249 381 1 469 145
pepper 0.0249 431 106 552 272
pepper 0.0249 235 170 325 304
pepper 0.0249 595 261 640 321
pepper 0.0245 156 102 376 313
pepper 0.024 221 109 441 480
pepper 0.0229 415 34 507 207
pepper 0.0229 1 363 40 430
pepper 0.0229 1 414 44 475
pepper 0.0229 252 152 430 376
pepper 0.0219 1 38 54 203
pepper 0.0219 1 143 50 301
pepper 0.0219 1 389 42 453
pepper 0.0214 103 6 274 272
pepper 0.0214 282 43 436 307
pepper 0.021 66 102 185 291
pepper 0.021 1 212 41 277
pepper 0.021 1 260 40 330
pepper 0.021 1 287 39 354
pepper 0.021 1 338 39 406
pepper 0.0204 1 67 640 409
pepper 0.0201 574 40 640 195
pepper 0.0201 1 311 39 380
pepper 0.0199 194 75 430 407
pepper 0.0199 90 92 288 480
pepper 0.0199 411 130 640 480
pepper 0.0195 142 1 499 480
pepper 0.0193 169 1 259 115
pepper 0.0193 469 10 583 167
pepper 0.0193 70 162 167 309
pepper 0.0193 511 172 609 326
pepper 0.0193 584 299 640 447
pepper 0.019 189 1 434 323
pepper 0.0187 28 1 170 186
pepper 0.0187 543 1 640 194
pepper 0.0187 202 154 360 363
pepper 0.0187 528 217 640 480
pepper 0.0185 411 1 501 90
pepper 0.0185 390 37 476 201
pepper 0.0185 39 65 138 245
pepper 0.0185 159 219 330 297
pepper 0.0182 22 137 359 480
pepper 0.0182 326 95 552 480
pepper 0.0177 9 1 99 85
pepper 0.0177 56 1 113 45
pepper 0.0177 107 238 191 376
