pepper 0.6172 525 8 915 652
pepper 0.1582 401 1 892 601
pepper 0.1143 1 266 149 900
pepper 0.0916 547 1 1185 739
pepper 0.0894 1 77 143 808
pepper 0.0865 518 1 682 227
pepper 0.0741 1051 83 1200 764
pepper 0.0696 712 13 1199 790
pepper 0.0695 1 1 158 598
pepper 0.0695 862 233 1183 723
pepper 0.0683 864 1 1200 640
pepper 0.0683 1 56 272 899
pepper 0.0593 750 1 1200 654
pepper 0.0553 1 592 102 900
pepper 0.0547 862 1 1200 419
pepper 0.0538 1 36 416 851
pepper 0.0538 1 543 183 900
pepper 0.0537 621 40 1178 900
pepper 0.0531 1095 503 1200 817
pepper 0.0523 36 161 676 738
pepper 0.0504 1064 267 1200 900
pepper 0.05 609 1 1007 543
pepper 0.0489 463 1 630 149
pepper 0.0457 910 70 1200 807
pepper 0.0443 1023 1 1200 333
pepper 0.0431 1096 596 1200 900
pepper 0.0417 1 1 304 670
pepper 0.0415 1037 1 1200 561
pepper 0.0414 1 686 112 900
pepper 0.0397 520 1 682 153
pepper 0.0397 481 1 633 211
pepper 0.0397 760 427 931 708
pepper 0.0389 10 62 578 900
pepper 0.0389 806 156 1200 644
pepper 0.0381 42 11 658 562
pepper 0.0381 1 454 100 776
pepper 0.0365 1 18 102 350
pepper 0.0365 1 268 100 580
pepper 0.0364 1 1 188 385
pepper 0.0364 617 207 1048 651
pepper 0.0352 37 1 586 829
pepper 0.035 1087 688 1200 900
pepper 0.0336 99 23 1076 858
pepper 0.0335 545 1 654 88
pepper 0.0322 1086 1 1200 232
pepper 0.0322 1 126 98 434
pepper 0.0322 1 359 99 682
pepper 0.0322 1097 404 1200 716
pepper 0.0322 775 552 929 790
pepper 0.0303 38 283 696 900
pepper 0.0295 488 1 601 84
pepper 0.0295 565 360 765 653
pepper 0.0295 798 624 908 730
pepper 0.0289 640 141 1016 862
pepper 0.0283 552 8 762 314
pepper 0.0283 626 5 817 315
pepper 0.0283 756 1 938 291
pepper 0.0279 1010 152 1200 674
pepper 0.0279 1030 570 1200 900
pepper 0.0276 255 205 955 871
pepper 0.0263 1 1 297 510
pepper 0.0261 789 1 1200 479
pepper 0.0261 13 104 288 719
pepper 0.0261 808 332 1200 773
pepper 0.0261 1 401 190 900
pepper 0.026 470 301 631 600
pepper 0.026 1097 304 1200 622
pepper 0.0252 141 66 569 816
pepper 0.0245 587 1 1200 514
pepper 0.0245 1 300 312 874
pepper 0.0245 1055 469 1200 900
pepper 0.0239 524 23 699 325
pepper 0.0229 34 1 674 352
pepper 0.0229 1 1 116 245
pepper 0.0229 1093 208 1200 527
pepper 0.0229 515 280 712 608
pepper 0.0229 669 351 897 676
pepper 0.0219 1089 18 1200 328
pepper 0.0219 755 207 928 551
pepper 0.0219 741 308 933 650
pepper 0.0219 1 774 86 892
pepper 0.0214 1 2 365 497
pepper 0.0209 886 300 1200 900
pepper 0.0201 685 8 882 312
pepper 0.0201 518 493 675 749
pepper 0.0201 1 725 82 853
pepper 0.02 1 133 185 710
pepper 0.0199 401 167 806 900
pepper 0.0199 519 193 1141 849
pepper 0.0193 506 380 700 654
pepper 0.0193 704 496 876 745
pepper 0.0187 988 1 1200 380
pepper 0.0187 685 8 1022 517
pepper 0.0185 3 573 171 900
pepper 0.0177 412 1 687 101
pepper 0.0177 641 485 813 743
pepper 0.017 1 208 78 328
pepper 0.017 541 585 651 689
pepper 0.017 1119 725 1200 843
pepper 0.0164 255 1 569 248
