pepper 0.8081 914 91 1185 680
pepper 0.6808 308 1 740 701
pepper 0.1373 957 420 1134 674
pepper 0.1297 1070 48 1200 340
pepper 0.109 1010 294 1176 609
pepper 0.1004 784 1 1200 713
pepper 0.0969 1065 475 1200 714
pepper 0.0913 1063 121 1200 434
pepper 0.0913 994 480 1091 617
pepper 0.0913 1012 408 1183 671
pepper 0.086 1055 224 1200 509
pepper 0.086 1117 526 1200 654
pepper 0.086 40 6 777 650
pepper 0.081 916 465 1180 627
pepper 0.081 926 430 1083 677
pepper 0.0774 241 1 897 542
pepper 0.0717 438 162 619 592
pepper 0.0708 386 12 1164 618
pepper 0.0679 176 16 1027 770
pepper 0.0678 1 41 567 817
pepper 0.0675 1117 55 1200 189
pepper 0.0635 1086 1 1200 239
pepper 0.0635 1118 101 1200 234
pepper 0.0635 971 228 1152 570
pepper 0.0635 940 486 1031 610
pepper 0.0635 1051 475 1151 619
pepper 0.0632 1022 465 1200 900
pepper 0.06 125 463 1200 896
pepper 0.0597 995 525 1090 657
pepper 0.0596 892 384 1200 900
pepper 0.0567 769 220 1200 900
pepper 0.0565 158 258 457 717
pepper 0.0563 1 201 1200 709
pepper 0.0561 1014 92 1200 258
pepper 0.0561 1030 191 1180 499
pepper 0.0561 1000 439 1092 576
pepper 0.0561 1117 475 1200 612
pepper 0.0561 1053 526 1159 657
pepper 0.0561 999 511 1200 667
pepper 0.0543 623 28 1169 889
pepper 0.0542 1 218 439 900
pepper 0.0542 546 413 1200 900
pepper 0.0538 876 183 1200 823
pepper 0.0534 45 1 330 312
pepper 0.0534 9 488 613 692
pepper 0.0527 1120 14 1200 143
pepper 0.0527 233 119 340 218
pepper 0.0527 939 534 1030 658
pepper 0.0525 426 270 1200 900
pepper 0.0518 1 1 534 590
pepper 0.0511 905 1 1200 591
pepper 0.0504 1 1 157 367
pepper 0.0495 38 66 150 177
pepper 0.0495 1020 52 1200 209
pepper 0.0495 1116 141 1200 287
pepper 0.0495 469 191 650 520
pepper 0.0495 1051 430 1149 576
pepper 0.0495 1 186 757 664
pepper 0.0486 483 1 1184 464
pepper 0.0486 1 491 375 900
pepper 0.0486 793 508 1200 900
pepper 0.0476 1 200 150 827
pepper 0.0476 117 408 482 741
pepper 0.0476 135 603 497 892
pepper 0.0473 1 569 830 900
pepper 0.0465 1 66 80 175
pepper 0.0465 4 20 159 247
pepper 0.0465 212 44 361 269
pepper 0.0465 1007 132 1200 306
pepper 0.0461 129 471 595 900
pepper 0.0459 1 1 1037 469
pepper 0.0452 1 1 866 358
pepper 0.0452 1 389 612 900
pepper 0.045 158 1 457 377
pepper 0.045 7 40 151 653
pepper 0.045 1 241 193 730
pepper 0.045 16 218 311 771
pepper 0.045 598 493 941 826
pepper 0.045 1007 590 1200 900
pepper 0.0444 1 399 925 900
pepper 0.0437 1 52 218 195
pepper 0.0437 970 161 1148 411
pepper 0.0437 1050 379 1149 524
pepper 0.0437 960 361 1200 536
pepper 0.0437 944 439 1032 568
pepper 0.0437 997 463 1200 629
pepper 0.0437 1045 574 1147 697
pepper 0.0437 1120 567 1200 699
pepper 0.0437 1124 621 1200 741
pepper 0.0425 1 1 520 146
pepper 0.0425 592 642 935 900
pepper 0.0425 478 640 1064 877
pepper 0.0416 380 466 824 900
pepper 0.0416 626 660 1200 900
pepper 0.0413 1 1 1137 362
pepper 0.0413 359 140 829 900
pepper 0.0411 275 1 929 900
pepper 0.0411 1069 107 1162 238
pepper 0.0411 1002 205 1099 333
pepper 0.0411 928 190 1200 350
