pepper 0.9069 427 17 560 302
pepper 0.8783 57 48 236 335
pepper 0.1909 438 56 546 222
pepper 0.1714 73 53 178 197
pepper 0.1714 104 86 196 237
pepper 0.109 95 39 187 179
pepper 0.0983 446 59 604 318
pepper 0.0969 124 130 177 196
pepper 0.0962 1 34 230 413
pepper 0.086 456 46 553 181
pepper 0.086 126 78 211 211
pepper 0.086 75 117 222 205
pepper 0.0847 376 22 562 356
pepper 0.081 60 70 210 163
pepper 0.081 427 78 522 246
pepper 0.079 431 37 593 233
pepper 0.0762 56 57 145 187
pepper 0.0762 70 94 219 180
pepper 0.0748 531 48 640 280
pepper 0.0717 121 105 176 173
pepper 0.0717 151 129 206 198
pepper 0.0717 83 98 173 262
pepper 0.0678 1 303 640 480
pepper 0.0678 92 206 533 480
pepper 0.0675 94 83 145 151
pepper 0.0675 153 106 207 172
pepper 0.0669 79 13 220 272
pepper 0.0659 415 24 626 279
pepper 0.0659 171 83 455 377
pepper 0.0635 78 26 169 156
pepper 0.0635 92 58 148 130
pepper 0.0635 447 153 524 302
pepper 0.06 1 218 473 480
pepper 0.06 15 11 302 464
pepper 0.0597 120 55 176 125
pepper 0.0597 95 105 145 171
pepper 0.0597 126 155 176 223
pepper 0.0597 133 187 223 329
pepper 0.0581 1 40 636 437
pepper 0.0567 1 169 258 480
pepper 0.0566 180 3 444 294
pepper 0.0566 289 6 619 480
pepper 0.0565 529 1 640 200
pepper 0.0565 401 79 628 364
pepper 0.0561 93 132 144 196
pepper 0.0561 110 137 200 298
pepper 0.0561 158 230 209 296
pepper 0.0546 1 107 640 376
pepper 0.0542 1 303 441 480
pepper 0.0538 456 24 639 400
pepper 0.0538 1 261 197 480
pepper 0.0538 43 280 348 480
pepper 0.0534 290 83 432 322
pepper 0.0534 193 305 522 410
pepper 0.0529 145 1 484 480
pepper 0.0527 419 65 557 166
pepper 0.0527 66 110 117 171
pepper 0.0527 127 119 217 266
pepper 0.0525 152 210 640 480
pepper 0.0518 409 106 640 480
pepper 0.0511 178 1 449 193
pepper 0.0504 77 92 236 432
pepper 0.0504 560 130 640 473
pepper 0.0504 1 248 84 480
pepper 0.0495 461 209 514 271
pepper 0.0495 327 291 383 344
pepper 0.0495 286 282 433 352
pepper 0.0473 191 304 640 480
pepper 0.0465 427 32 523 177
pepper 0.0465 122 80 177 154
pepper 0.0465 155 155 206 223
pepper 0.0465 448 108 528 273
pepper 0.0465 117 186 198 333
pepper 0.0465 421 225 497 349
pepper 0.0465 316 258 395 381
pepper 0.0465 1 439 43 480
pepper 0.0461 117 126 500 329
pepper 0.0461 303 280 610 480
pepper 0.0461 425 281 640 480
pepper 0.0452 325 234 640 480
pepper 0.045 1 1 91 274
pepper 0.045 1 78 145 264
pepper 0.045 551 61 640 363
pepper 0.045 1 114 108 383
pepper 0.045 316 299 640 414
pepper 0.045 424 219 640 461
pepper 0.045 60 330 243 474
pepper 0.045 297 316 545 480
pepper 0.045 70 360 250 480
pepper 0.0438 316 259 640 415
pepper 0.0438 172 284 482 480
pepper 0.0437 290 8 343 71
pepper 0.0437 60 83 111 149
pepper 0.0437 483 69 577 199
pepper 0.0437 128 232 178 296
pepper 0.0437 447 199 522 321
pepper 0.0437 92 263 146 318
pepper 0.0437 429 264 481 319
pepper 0.0425 1 120 131 304
pepper 0.0425 161 194 407 401
