pepper 0.9253 187 3 511 409
pepper 0.2512 569 95 640 480
pepper 0.1096 588 283 640 453
pepper 0.0969 503 46 640 461
pepper 0.0951 218 10 489 280
pepper 0.0916 149 1 498 480
pepper 0.0894 1 1 72 374
pepper 0.0865 584 233 640 420
pepper 0.0813 248 1 625 391
pepper 0.0789 564 1 640 367
pepper 0.0741 176 94 443 407
pepper 0.0652 599 384 640 449
pepper 0.0652 595 413 640 471
pepper 0.0612 1 96 73 457
pepper 0.0601 226 15 339 182
pepper 0.0601 217 30 306 200
pepper 0.0577 206 160 311 347
pepper 0.0572 468 1 640 222
pepper 0.0572 471 1 640 362
pepper 0.0553 214 76 306 245
pepper 0.0489 598 358 640 430
pepper 0.0473 1 1 99 191
pepper 0.0469 185 161 277 338
pepper 0.045 368 21 467 193
pepper 0.045 1 296 50 460
pepper 0.045 589 344 640 480
pepper 0.0443 335 169 565 425
pepper 0.0431 216 1 304 144
pepper 0.0431 1 14 53 187
pepper 0.0431 1 165 53 338
pepper 0.0431 205 296 298 437
pepper 0.0429 409 1 631 479
pepper 0.0415 522 1 640 145
pepper 0.0415 552 170 640 462
pepper 0.0402 1 23 244 441
pepper 0.0397 1 344 53 480
pepper 0.0397 561 440 623 480
pepper 0.0389 547 1 640 249
pepper 0.0381 1 1 166 349
pepper 0.0381 245 28 550 337
pepper 0.0381 1 65 52 235
pepper 0.0381 1 243 51 406
pepper 0.0379 24 1 336 417
pepper 0.0364 1 1 89 253
pepper 0.0364 563 242 640 480
pepper 0.035 1 115 53 286
pepper 0.035 199 224 315 381
pepper 0.035 594 439 640 480
pepper 0.0341 238 120 525 406
pepper 0.0341 487 155 632 480
pepper 0.0328 1 48 640 402
pepper 0.0322 184 242 283 382
pepper 0.0322 561 311 635 466
pepper 0.0319 391 44 538 296
pepper 0.0318 317 29 634 480
pepper 0.0308 240 1 326 124
pepper 0.0298 1 297 93 480
pepper 0.0295 584 86 640 258
pepper 0.0279 543 28 640 319
pepper 0.0279 1 196 78 480
pepper 0.0276 1 158 172 480
pepper 0.0273 13 37 317 480
pepper 0.0263 1 1 183 227
pepper 0.0263 24 1 349 197
pepper 0.0261 1 1 151 147
pepper 0.0261 460 1 625 147
pepper 0.0261 299 22 483 367
pepper 0.0261 478 61 625 392
pepper 0.026 404 1 497 127
pepper 0.026 583 184 640 364
pepper 0.026 1 413 44 475
pepper 0.026 566 415 621 468
pepper 0.0252 86 83 372 382
pepper 0.0249 399 21 495 184
pepper 0.0249 571 387 622 443
pepper 0.0239 184 1 269 125
pepper 0.0239 551 227 638 423
pepper 0.0229 1 1 59 127
pepper 0.0229 1 387 43 453
pepper 0.0229 424 440 488 480
pepper 0.0229 526 442 588 480
pepper 0.0229 1 192 207 438
pepper 0.0219 333 33 440 209
pepper 0.0219 232 49 339 230
pepper 0.0219 584 133 640 308
pepper 0.0217 119 1 640 282
pepper 0.0214 412 1 640 351
pepper 0.021 208 1 302 84
pepper 0.021 374 1 467 126
pepper 0.021 1 337 41 405
pepper 0.021 292 362 352 416
pepper 0.0207 346 59 640 403
pepper 0.0201 364 201 467 374
pepper 0.0201 327 219 436 388
pepper 0.0201 597 331 640 411
pepper 0.0201 581 402 640 480
pepper 0.02 347 1 485 185
pepper 0.02 459 1 633 206
pepper 0.0199 340 1 541 255
pepper 0.0193 581 11 640 178
