pepper 0.9847 263 1 604 357
pepper 0.0913 277 97 367 223
pepper 0.086 254 113 343 248
pepper 0.0806 366 3 620 311
pepper 0.0717 292 136 350 197
pepper 0.0675 406 1 513 183
pepper 0.0675 263 134 316 197
pepper 0.0675 258 119 408 205
pepper 0.0648 1 303 446 480
pepper 0.0648 1 120 229 480
pepper 0.0635 495 1 584 113
pepper 0.0627 318 234 571 480
pepper 0.062 284 208 640 480
pepper 0.0597 266 161 316 219
pepper 0.0566 388 137 640 460
pepper 0.0565 516 1 640 194
pepper 0.0561 370 76 463 274
pepper 0.0538 1 265 201 480
pepper 0.0538 422 275 640 480
pepper 0.0527 531 181 582 241
pepper 0.0518 1 207 330 480
pepper 0.0511 458 85 637 480
pepper 0.0504 380 14 608 155
pepper 0.0504 253 76 515 356
pepper 0.0504 11 232 228 480
pepper 0.0504 1 316 190 476
pepper 0.0495 496 153 546 219
pepper 0.0495 201 304 640 480
pepper 0.0476 1 194 84 480
pepper 0.0476 54 317 251 472
pepper 0.0475 93 1 640 240
pepper 0.0473 79 255 586 480
pepper 0.0465 525 1 579 75
pepper 0.0465 453 1 606 86
pepper 0.0465 595 84 640 144
pepper 0.0465 236 145 375 224
pepper 0.0465 453 138 593 225
pepper 0.0465 475 105 567 250
pepper 0.0465 516 132 600 267
pepper 0.0461 280 86 608 443
pepper 0.0459 11 21 323 465
pepper 0.0452 181 155 481 480
pepper 0.045 12 43 172 325
pepper 0.045 38 294 299 425
pepper 0.045 456 193 612 480
pepper 0.0438 310 260 640 415
pepper 0.0438 48 272 348 480
pepper 0.0438 469 195 640 480
pepper 0.0437 559 57 613 119
pepper 0.0437 229 125 372 206
pepper 0.0425 542 326 640 480
pepper 0.0411 545 78 640 151
pepper 0.0411 583 57 640 180
pepper 0.0401 418 1 609 251
pepper 0.0401 531 112 640 381
pepper 0.0401 1 349 255 462
pepper 0.0401 279 404 591 480
pepper 0.0395 89 202 293 480
pepper 0.0385 1 1 55 143
pepper 0.0385 597 60 640 120
pepper 0.0385 293 112 346 176
pepper 0.0385 565 183 617 243
pepper 0.0385 562 210 615 268
pepper 0.0385 326 220 405 350
pepper 0.0385 103 272 185 428
pepper 0.0385 93 387 142 450
pepper 0.0385 81 347 159 480
pepper 0.0379 556 1 640 200
pepper 0.0379 7 256 303 369
pepper 0.0379 556 129 638 474
pepper 0.0379 102 331 336 459
pepper 0.0379 398 258 561 480
pepper 0.0379 553 238 640 480
pepper 0.0375 1 70 166 480
pepper 0.0375 1 339 270 480
pepper 0.0375 227 324 631 480
pepper 0.0375 337 354 640 480
pepper 0.0362 466 1 568 118
pepper 0.0362 1 37 41 97
pepper 0.0362 264 113 314 178
pepper 0.0362 391 58 475 229
pepper 0.0362 469 66 567 204
pepper 0.0362 464 129 515 194
pepper 0.0362 446 84 538 217
pepper 0.0362 529 155 581 217
pepper 0.0362 595 160 640 220
pepper 0.0362 266 185 314 244
pepper 0.0362 484 169 629 246
pepper 0.0362 102 312 182 468
pepper 0.0358 1 97 78 462
pepper 0.0358 336 243 640 372
pepper 0.0358 19 196 174 480
pepper 0.0358 1 282 104 480
pepper 0.0358 423 313 549 480
pepper 0.0356 1 258 341 420
pepper 0.0343 295 1 640 297
pepper 0.034 502 52 640 128
pepper 0.034 190 88 245 146
pepper 0.034 498 103 549 178
pepper 0.034 594 109 640 170
