pepper 0.8759 256 11 746 814
pepper 0.7787 858 227 1200 803
pepper 0.181 961 459 1136 730
pepper 0.1452 906 510 1078 743
pepper 0.1452 1017 569 1196 805
pepper 0.1373 1057 623 1160 752
pepper 0.1297 1011 237 1196 536
pepper 0.1225 951 603 1200 762
pepper 0.109 936 580 1031 698
pepper 0.1028 667 532 771 653
pepper 0.1028 628 467 794 716
pepper 0.1028 855 502 1011 729
pepper 0.0969 915 513 1200 674
pepper 0.0921 718 143 1200 776
pepper 0.0913 994 534 1096 655
pepper 0.0913 873 553 1156 715
pepper 0.0913 1055 582 1159 707
pepper 0.086 952 569 1200 721
pepper 0.086 1073 597 1200 849
pepper 0.0833 621 18 1173 868
pepper 0.081 871 587 972 700
pepper 0.079 254 4 629 636
pepper 0.0762 1055 67 1157 177
pepper 0.0762 1019 15 1174 260
pepper 0.0762 1002 290 1167 622
pepper 0.0762 565 516 853 665
pepper 0.0762 932 628 1027 746
pepper 0.0717 901 421 1079 689
pepper 0.0717 1117 672 1200 790
pepper 0.0675 1022 198 1192 443
pepper 0.0675 806 498 908 608
pepper 0.0675 995 486 1093 615
pepper 0.0675 806 536 905 649
pepper 0.0675 876 536 970 654
pepper 0.0675 995 574 1090 709
pepper 0.0675 864 598 1137 754
pepper 0.0635 478 537 634 788
pepper 0.062 345 167 825 900
pepper 0.0597 460 273 641 713
pepper 0.0597 738 534 837 646
pepper 0.0597 676 577 775 697
pepper 0.0597 497 626 591 746
pepper 0.0597 1118 619 1200 751
pepper 0.0567 748 317 1200 900
pepper 0.0565 47 1 335 399
pepper 0.0565 983 148 1194 685
pepper 0.0561 40 25 662 831
pepper 0.0561 375 1 577 352
pepper 0.0561 960 56 1200 199
pepper 0.0561 1023 77 1176 327
pepper 0.0561 969 361 1136 652
pepper 0.0561 790 440 949 657
pepper 0.0561 498 474 661 773
pepper 0.0561 804 581 903 694
pepper 0.0561 972 530 1148 768
pepper 0.0542 729 1 1200 627
pepper 0.0542 1 312 493 900
pepper 0.0542 113 478 1092 900
pepper 0.0538 629 466 1082 900
pepper 0.0534 1044 1 1200 549
pepper 0.0527 1 67 82 176
pepper 0.0527 738 474 1023 612
pepper 0.0527 578 486 736 736
pepper 0.0527 785 497 933 737
pepper 0.0527 808 556 1076 708
pepper 0.0527 1060 668 1154 790
pepper 0.0527 1007 650 1200 803
pepper 0.0511 149 465 607 900
pepper 0.0504 909 453 1169 881
pepper 0.0495 177 69 274 182
pepper 0.0495 1050 109 1154 237
pepper 0.0495 1006 624 1096 740
pepper 0.0495 1121 772 1200 883
pepper 0.0476 1 1 156 375
pepper 0.0476 993 549 1200 900
pepper 0.0473 1 568 830 900
pepper 0.0465 999 1 1096 88
pepper 0.0465 1118 63 1200 179
pepper 0.0465 970 272 1200 459
pepper 0.0465 648 518 925 662
pepper 0.0465 822 511 1086 664
pepper 0.0465 938 535 1032 662
pepper 0.0465 619 575 712 703
pepper 0.0465 1004 677 1093 790
pepper 0.045 3 465 150 900
pepper 0.0437 1054 1 1152 82
pepper 0.0437 1051 16 1151 137
pepper 0.0437 1084 19 1200 264
pepper 0.0437 1077 78 1200 334
pepper 0.0437 1040 298 1200 558
pepper 0.0437 1002 429 1098 569
pepper 0.0437 670 487 766 609
pepper 0.0437 876 496 968 609
pepper 0.0437 861 445 1033 678
pepper 0.0437 935 485 1033 611
pepper 0.0437 933 468 1191 623
pepper 0.0437 615 530 708 657
pepper 0.0437 724 561 1001 703
pepper 0.0437 1055 776 1156 880
pepper 0.0432 223 392 922 900
