pepper 0.7115 54 1 396 448
pepper 0.1748 129 1 484 480
pepper 0.1075 1 318 112 480
pepper 0.0928 484 37 640 480
pepper 0.09 290 437 351 480
pepper 0.0894 561 88 640 480
pepper 0.0741 74 143 385 472
pepper 0.0593 406 10 640 464
pepper 0.0574 1 247 95 480
pepper 0.0531 239 398 393 473
pepper 0.0521 171 112 430 480
pepper 0.0504 1 1 94 172
pepper 0.0469 1 1 58 128
pepper 0.0469 321 437 388 480
pepper 0.0463 322 1 625 419
pepper 0.045 355 438 420 480
pepper 0.045 423 439 489 480
pepper 0.0431 389 440 455 480
pepper 0.0414 6 1 98 125
pepper 0.0389 1 112 432 480
pepper 0.0389 513 1 640 145
pepper 0.0389 558 1 640 369
pepper 0.0381 454 1 640 213
pepper 0.0365 231 15 332 185
pepper 0.0365 273 371 362 480
pepper 0.0364 1 175 267 480
pepper 0.0364 1 1 93 277
pepper 0.0364 15 318 180 480
pepper 0.0364 90 283 230 480
pepper 0.0364 38 1 368 247
pepper 0.0352 90 198 505 480
pepper 0.035 293 296 396 456
pepper 0.035 287 414 349 468
pepper 0.035 339 378 428 480
pepper 0.0341 1 143 89 476
pepper 0.0335 584 259 640 437
pepper 0.0332 1 108 174 480
pepper 0.0322 583 312 640 480
pepper 0.0321 1 41 594 432
pepper 0.0319 539 125 640 433
pepper 0.0319 560 232 640 480
pepper 0.031 319 31 629 480
pepper 0.0308 104 3 205 157
pepper 0.0308 259 439 321 480
pepper 0.0303 99 215 304 480
pepper 0.0298 1 61 86 385
pepper 0.0289 343 47 640 428
pepper 0.0283 32 1 132 121
pepper 0.0283 237 1 327 123
pepper 0.0283 68 14 170 168
pepper 0.0283 333 288 428 439
pepper 0.0283 245 362 337 474
pepper 0.0279 261 98 392 439
pepper 0.0279 467 125 640 426
pepper 0.0276 288 1 613 306
pepper 0.0276 265 169 595 480
pepper 0.0271 579 1 640 116
pepper 0.0271 298 151 394 360
pepper 0.0271 582 182 640 360
pepper 0.0263 1 7 241 313
pepper 0.0263 1 141 240 463
pepper 0.026 1 168 50 330
pepper 0.026 258 414 321 466
pepper 0.026 301 371 399 480
pepper 0.026 579 369 640 480
pepper 0.0249 67 1 166 124
pepper 0.0249 75 117 169 304
pepper 0.0249 303 401 453 475
pepper 0.0249 279 426 437 480
pepper 0.0249 456 440 521 480
pepper 0.0245 476 6 632 334
pepper 0.0245 22 265 185 480
pepper 0.024 34 241 371 480
pepper 0.0239 134 7 242 160
pepper 0.0237 1 1 234 336
pepper 0.0229 1 1 180 344
pepper 0.0229 149 1 446 306
pepper 0.0229 295 1 640 257
pepper 0.0229 310 404 399 480
pepper 0.0229 1 1 127 123
pepper 0.0229 524 1 640 265
pepper 0.0219 582 65 640 226
pepper 0.0219 98 322 203 480
pepper 0.0219 1 236 176 480
pepper 0.0214 422 1 640 190
pepper 0.0214 543 1 640 243
pepper 0.0214 524 327 640 480
pepper 0.021 197 12 308 175
pepper 0.021 582 12 640 177
pepper 0.021 343 407 433 480
pepper 0.0201 269 149 373 353
pepper 0.0201 263 303 370 466
pepper 0.0201 208 359 303 480
pepper 0.0199 1 1 155 239
pepper 0.0199 285 1 622 191
pepper 0.0193 580 139 640 308
pepper 0.0193 1 373 57 480
pepper 0.0193 374 384 466 480
pepper 0.0193 224 440 286 480
pepper 0.0193 280 405 363 480
