pepper 0.9931 227 174 563 656
pepper 0.9575 693 209 1004 658
pepper 0.1452 774 432 948 672
pepper 0.1297 811 465 978 677
pepper 0.109 198 656 358 879
pepper 0.1028 322 287 526 668
pepper 0.1028 150 662 305 873
pepper 0.0913 10 17 165 255
pepper 0.086 39 65 142 180
pepper 0.086 809 526 905 658
pepper 0.081 858 526 963 659
pepper 0.0762 1 52 225 195
pepper 0.0762 1 113 83 232
pepper 0.0762 38 112 141 225
pepper 0.0762 1 161 83 280
pepper 0.0762 733 498 1007 653
pepper 0.0762 638 608 795 851
pepper 0.0762 228 726 337 844
pepper 0.0762 131 707 414 853
pepper 0.0762 171 775 274 887
pepper 0.0717 1 102 229 237
pepper 0.0717 10 80 168 304
pepper 0.0717 721 425 887 670
pepper 0.0717 169 725 275 845
pepper 0.0717 156 715 313 900
pepper 0.0675 276 202 466 521
pepper 0.0675 662 447 819 702
pepper 0.0675 148 570 291 822
pepper 0.0675 89 759 365 894
pepper 0.0675 229 772 334 893
pepper 0.0635 1 67 85 181
pepper 0.0635 1 112 110 361
pepper 0.0635 728 247 907 625
pepper 0.0635 545 527 642 653
pepper 0.0635 169 636 267 749
pepper 0.0635 171 679 273 799
pepper 0.0635 595 661 746 900
pepper 0.0632 711 264 1121 678
pepper 0.0598 45 185 361 655
pepper 0.0598 7 187 161 819
pepper 0.0597 44 160 146 265
pepper 0.0597 307 121 476 391
pepper 0.0597 682 539 773 650
pepper 0.0597 857 579 964 704
pepper 0.0597 616 727 714 842
pepper 0.0563 201 71 1018 822
pepper 0.0561 104 66 210 179
pepper 0.0561 1 208 84 322
pepper 0.0561 44 302 141 417
pepper 0.0561 650 514 799 723
pepper 0.0561 672 677 776 792
pepper 0.0561 45 728 142 838
pepper 0.0561 90 680 238 880
pepper 0.0561 103 776 206 889
pepper 0.0534 1011 268 1200 717
pepper 0.0534 1 402 221 895
pepper 0.0527 331 1 484 170
pepper 0.0527 75 35 228 247
pepper 0.0527 287 10 435 287
pepper 0.0527 98 112 203 225
pepper 0.0527 1 145 230 283
pepper 0.0527 14 253 155 493
pepper 0.0527 176 303 271 421
pepper 0.0527 163 249 314 515
pepper 0.0527 765 549 1037 703
pepper 0.0527 48 633 141 748
pepper 0.0527 102 669 362 799
pepper 0.0527 108 726 211 844
pepper 0.0527 608 775 711 886
pepper 0.0527 229 822 333 900
pepper 0.0527 287 821 395 900
pepper 0.0527 264 769 413 900
pepper 0.0518 1 332 482 900
pepper 0.0504 518 341 854 766
pepper 0.0504 516 443 815 865
pepper 0.0504 547 530 772 900
pepper 0.0495 364 1 460 86
pepper 0.0495 743 201 922 478
pepper 0.0495 1 252 81 376
pepper 0.0495 1 179 101 451
pepper 0.0495 1 351 81 469
pepper 0.0495 671 584 773 698
pepper 0.0495 1 633 81 749
pepper 0.0495 471 529 616 786
pepper 0.0495 110 682 206 797
pepper 0.0495 1120 727 1200 841
pepper 0.0495 1120 770 1200 891
pepper 0.0495 211 751 357 900
pepper 0.0495 192 798 463 900
pepper 0.0495 1 1 483 579
pepper 0.0495 1 571 833 900
pepper 0.0486 847 1 1200 679
pepper 0.0486 793 521 1200 900
pepper 0.0476 1 1 154 572
pepper 0.0476 179 395 462 869
pepper 0.0476 126 595 463 900
pepper 0.0467 1 199 1200 707
pepper 0.0465 74 116 221 346
pepper 0.0465 214 463 368 706
pepper 0.0465 987 579 1088 702
