pepper 0.974 349 12 526 330
pepper 0.8563 114 27 277 379
pepper 0.3277 153 81 280 363
pepper 0.1909 178 198 272 348
pepper 0.1452 144 136 238 281
pepper 0.1297 198 236 286 352
pepper 0.1225 175 160 265 320
pepper 0.109 171 91 265 233
pepper 0.109 191 232 244 306
pepper 0.0969 368 21 471 166
pepper 0.0969 124 115 214 256
pepper 0.0913 166 1 267 177
pepper 0.0913 200 142 283 292
pepper 0.0913 402 185 496 313
pepper 0.0913 198 257 246 328
pepper 0.0913 159 264 304 350
pepper 0.086 146 1 250 142
pepper 0.086 203 85 288 251
pepper 0.086 430 181 526 309
pepper 0.081 151 224 296 313
pepper 0.081 162 216 251 352
pepper 0.0806 15 1 238 326
pepper 0.0767 93 1 295 300
pepper 0.0762 357 27 455 207
pepper 0.0762 161 182 213 249
pepper 0.0762 388 110 482 313
pepper 0.0762 193 205 243 279
pepper 0.0762 194 281 249 348
pepper 0.0717 149 24 238 188
pepper 0.0717 114 144 262 234
pepper 0.0717 125 162 270 258
pepper 0.0717 317 118 395 288
pepper 0.0717 459 233 517 298
pepper 0.0717 222 283 279 350
pepper 0.0675 158 178 247 328
pepper 0.0675 598 284 640 348
pepper 0.0658 112 6 529 440
pepper 0.0635 143 72 232 229
pepper 0.0635 161 158 211 226
pepper 0.0635 193 181 244 253
pepper 0.0635 404 224 548 300
pepper 0.0632 16 169 177 420
pepper 0.0597 142 119 294 206
pepper 0.0567 1 304 444 480
pepper 0.0567 1 117 235 480
pepper 0.0565 25 25 204 247
pepper 0.0542 1 207 330 480
pepper 0.0527 158 133 209 204
pepper 0.0527 193 129 244 198
pepper 0.0527 150 193 290 285
pepper 0.0527 430 227 480 300
pepper 0.0504 96 123 272 342
pepper 0.0497 1 104 640 377
pepper 0.0495 222 178 274 255
pepper 0.0495 163 209 213 272
pepper 0.0495 381 212 520 297
pepper 0.0495 221 253 276 328
pepper 0.0495 474 224 556 334
pepper 0.0495 526 260 583 319
pepper 0.0495 190 81 447 480
pepper 0.0486 1 1 196 280
pepper 0.0486 1 78 227 366
pepper 0.0486 462 132 640 480
pepper 0.0476 1 1 96 190
pepper 0.0476 539 228 640 480
pepper 0.0473 395 176 640 480
pepper 0.0473 192 304 640 480
pepper 0.0465 383 39 490 185
pepper 0.0465 1 113 44 168
pepper 0.0465 1 81 56 219
pepper 0.0465 133 162 181 221
pepper 0.0465 458 208 515 278
pepper 0.0465 562 288 616 345
pepper 0.0461 313 262 640 415
pepper 0.0461 1 257 200 480
pepper 0.0452 292 218 640 480
pepper 0.045 1 1 106 249
pepper 0.045 477 226 627 473
pepper 0.045 164 272 286 480
pepper 0.0438 428 280 640 480
pepper 0.0437 236 86 320 237
pepper 0.0437 347 74 442 250
pepper 0.0437 194 158 245 230
pepper 0.0437 132 186 182 247
pepper 0.0437 563 239 619 291
pepper 0.0437 227 253 313 371
pepper 0.0437 585 266 640 387
pepper 0.0432 1 303 640 480
pepper 0.0432 102 199 533 480
pepper 0.0425 11 225 217 466
pepper 0.0425 166 203 291 425
pepper 0.0425 269 409 586 480
pepper 0.0416 468 1 640 266
pepper 0.0411 424 6 515 144
pepper 0.0411 116 15 207 170
pepper 0.0411 25 137 76 193
pepper 0.0411 1 161 42 222
pepper 0.0411 423 100 525 275
pepper 0.0411 262 185 311 248
pepper 0.0411 403 199 549 284
